100 100
620 991 -682 730 552 382 408 122 -896 350 -914 546 554 751 -353 45 214 -224 -760 -377 -791 -612 554 -224 -530 -242 -989 -864 -126 499 128 -927 113 135 385 878 609 675 736 460 860 -758 -327 931 -312 -22 218 665 -789 -829 374 147 295 572 844 743 -491 517 -290 -102 -62 -347 910 215 -355 -508 -504 -85 -910 -98 -448 934 167 871 -675 -939 -747 922 -898 236 -890 484 216 735 313 819 -82 472 -623 609 995 39 -269 588 -458 -411 913 325 -772 -768 
291 -806 790 -844 711 664 810 870 -246 -338 181 810 144 923 522 59 -646 -510 -887 983 -11 -264 240 176 -944 665 -46 -12 -300 875 -874 -975 769 -661 -315 718 909 -719 -711 849 -537 -169 813 572 -816 479 -474 363 -20 126 -282 426 402 446 401 -402 -506 -672 379 13 894 347 -198 -478 433 -75 542 992 249 -290 -518 237 259 -861 -329 -986 -116 328 473 840 886 -595 -160 647 -558 877 646 663 -965 728 465 965 -59 603 51 913 -638 605 -91 107 
-813 296 952 -886 -638 -787 -459 -286 -22 780 68 -723 -97 -429 -168 -722 -714 893 903 -456 -235 245 400 -863 -876 78 -732 -832 832 238 -478 -173 272 -218 774 -759 -935 -825 -366 859 -895 -734 -1 -41 -523 358 53 610 369 481 761 816 510 -448 -775 -634 37 -188 -191 973 877 703 -853 707 523 -211 954 885 -160 645 1 -541 -709 610 471 -693 914 -269 696 -501 -368 568 -665 541 -50 -924 701 -838 796 505 -981 -644 -554 661 -493 490 553 -398 -738 -775 
-679 -475 -413 809 212 -390 -317 612 744 555 -224 465 -905 828 -24 310 623 651 397 986 756 317 25 -817 500 678 974 666 -571 -974 -445 -237 201 -143 530 189 391 490 405 710 -103 412 776 -83 -577 551 615 696 -336 -987 -554 412 -46 617 -324 477 855 -768 -395 -87 -958 260 70 -715 241 -779 217 -676 326 554 -216 -873 -937 -551 -69 -438 453 410 -679 -936 -211 213 -817 -267 -954 -738 -364 -539 -64 -215 -747 -577 -641 436 -751 154 832 -487 348 725 
248 -929 -572 -312 697 820 226 581 564 -815 -419 179 -112 510 -842 -948 -38 -900 -51 -157 545 486 -986 -643 705 -412 -566 -483 -382 904 710 -377 -388 -853 -425 -575 -132 -484 992 521 -309 -860 705 -778 -596 -883 889 326 722 -418 -627 23 -553 99 57 737 -379 -96 -353 -206 -318 -416 -248 323 -307 940 719 798 -413 -161 652 -25 149 760 558 -20 -744 -111 968 -58 746 -416 -130 -352 940 -267 -102 -779 980 -973 503 422 38 636 85 -759 -547 87 756 30 
786 220 887 -842 -161 912 340 -552 898 -652 939 -873 458 27 684 168 843 703 883 721 624 454 -457 622 -820 470 358 -469 54 396 129 -234 154 -339 -138 816 479 -485 -961 642 566 25 682 -242 495 512 542 -726 326 725 863 -976 -486 -372 520 -461 -306 -714 -420 176 -359 -18 -488 196 191 599 -817 -796 -54 809 -456 -946 483 898 -524 771 -210 101 672 -910 956 950 -561 7 486 -369 665 -251 -666 294 -800 592 430 34 155 -836 -633 -838 37 191 
-198 -892 730 -593 -346 478 788 457 -473 875 -518 472 25 -615 -501 847 260 393 330 616 -207 -825 -172 373 400 331 650 185 -179 -375 831 625 607 378 726 76 0 -269 -292 913 -885 -15 -107 443 -881 -815 -298 -857 -470 -342 -319 218 338 -221 -120 704 171 542 -51 842 514 157 989 -46 768 166 -201 -553 -149 47 631 450 632 -794 290 -539 649 -920 44 337 956 974 127 -975 812 -828 849 717 602 -997 -803 491 424 869 875 938 298 -269 -40 -283 
700 -564 -80 664 -387 583 748 871 211 -485 239 656 -854 -125 -252 239 -336 992 -27 -105 -130 -416 99 -866 284 -398 -620 518 -63 -265 183 795 -321 -41 -463 429 30 -628 854 -536 -526 810 719 -113 -303 849 -913 147 -991 -802 315 -986 612 697 136 -61 121 339 -718 525 915 -309 430 -984 473 600 -775 68 458 196 -116 -640 -277 -234 -582 585 -645 -912 -460 -272 63 224 -529 -909 -689 -527 201 -449 636 -303 -564 -372 386 -754 -982 423 40 -119 461 -967 
70 704 -932 -632 -131 -454 369 877 -613 -950 576 213 -894 -457 167 -189 -373 -408 -28 244 337 -67 675 241 -303 45 -456 -490 -439 -165 158 672 -689 -256 -126 -210 -128 -575 -918 -392 -67 653 440 263 -399 526 -752 -397 843 -157 638 -133 451 -479 569 -710 -295 -51 -564 -71 -890 -819 75 -210 58 -174 268 -755 -932 211 942 -534 -834 754 -60 -542 -346 550 816 -450 -570 848 -474 415 991 -125 117 -62 -360 429 670 -622 543 407 255 714 -100 -346 851 23 
50 817 249 656 170 995 -383 989 -232 -100 445 33 -183 510 -969 268 499 236 18 194 -422 152 -9 433 -778 940 -750 920 -329 -857 -763 -179 -338 185 823 970 -846 -939 972 419 308 -23 -303 528 466 -509 482 303 651 -353 -769 382 547 -719 79 474 -985 296 320 -371 -349 182 670 723 -122 -228 742 268 619 326 -638 -721 -334 -268 233 51 -127 -910 736 -582 666 -716 -58 -575 -339 154 735 -998 -467 -873 207 281 -761 343 -39 513 -661 660 -682 -781 
-2 -988 568 -250 935 272 984 312 -184 981 -772 305 16 -868 258 -912 -696 -770 142 -529 -198 -979 412 233 -748 -263 -486 898 139 350 -457 624 -351 92 973 759 989 522 772 935 -325 -934 285 226 -71 -457 448 30 706 -398 633 -474 832 124 -295 540 -420 208 -483 617 247 112 366 -267 -160 993 -397 78 327 415 -317 -834 -101 -535 842 726 -580 -263 -474 -514 -392 333 -909 732 802 547 193 -289 -39 -553 743 984 30 353 -526 773 581 -824 101 -80 
646 -26 762 292 -673 -615 770 -375 759 -134 362 642 -296 -529 856 -319 274 -397 741 996 -839 -127 28 496 -257 955 -876 -487 -68 -708 650 -938 98 566 219 797 515 157 367 625 -628 829 -365 -807 -203 913 896 430 -200 -131 102 21 -549 557 -815 -555 628 870 500 -451 -790 718 -291 553 641 883 -590 121 100 -557 -630 -884 784 -651 -525 902 184 -168 704 278 -279 -842 -929 -193 -53 -615 746 633 -616 -941 257 720 466 863 676 166 54 487 -594 -495 
13 45 166 -331 475 872 102 912 787 -973 190 521 503 -750 584 38 167 412 515 -177 523 -171 422 -771 -185 -73 -17 813 -164 -937 479 -888 285 -44 344 557 -32 -116 -161 -614 -225 -251 -352 -947 -490 496 -691 195 644 -277 42 -656 -23 -497 368 704 807 -262 399 882 992 -856 98 -851 -273 -955 0 -339 -868 -882 755 -749 -180 -558 43 657 352 -323 338 792 -192 640 -297 -474 960 258 -48 -892 158 -96 -601 993 306 -374 -861 -312 194 539 -490 612 
-174 -751 -913 800 -527 815 -717 538 338 -408 422 395 644 640 -735 -627 604 -543 589 -14 540 -843 223 -595 255 -978 838 -654 -544 -894 676 -902 571 -964 762 -325 743 51 -860 456 -11 -292 -781 -873 38 33 336 565 836 -521 413 -356 -889 -960 883 -965 297 -890 -618 -421 982 189 188 -869 218 305 119 -555 -527 -521 -519 54 -968 -722 99 709 -586 -307 -623 597 -299 -990 840 -55 -787 -758 27 357 -464 -386 172 821 153 -87 -385 -672 -366 952 -979 -783 
697 -443 611 -370 826 -617 105 -831 -707 -853 -402 531 -805 573 -473 557 259 -296 -21 352 -206 121 -985 661 -981 -311 -752 139 50 947 -776 -44 -639 35 679 -792 -839 34 -337 -301 -598 326 137 325 154 -426 558 -855 32 214 907 -291 -101 23 -826 123 -2 957 -750 21 55 -306 702 -310 -17 939 883 -968 960 -586 -72 -854 -457 75 364 700 959 -675 -164 539 -606 -419 314 673 873 828 -304 -389 712 -690 -714 -673 406 -941 -929 -560 -390 -547 -377 615 
408 729 -588 -118 -702 640 38 31 713 813 371 482 560 -178 -468 682 -853 211 722 -809 364 -137 573 -339 -590 -735 793 -775 -564 493 -504 -911 779 861 476 -779 -371 -567 -500 31 -327 991 494 422 468 212 129 -860 -975 771 -195 -624 904 697 -911 -546 268 -567 387 930 423 -120 665 286 -979 40 -153 -592 168 -958 -75 -849 271 188 -768 693 562 88 425 -972 -504 -176 -974 131 -479 -656 -314 -41 309 -438 -353 -952 878 -446 -669 360 81 571 583 -960 
699 924 -684 -611 521 -492 -853 834 -690 885 431 -624 -60 -257 -151 -848 -501 484 -812 687 -449 754 570 -584 650 -555 872 174 376 312 -888 -252 -840 -502 -552 789 689 73 -229 829 -937 974 837 -913 -97 968 -68 549 -236 655 -244 779 662 -206 63 -722 621 512 678 570 -676 -859 -987 -496 972 1 766 426 595 27 30 74 -69 -852 -141 722 -517 748 -845 6 936 275 -937 774 -846 -203 239 -436 43 565 185 681 275 462 142 855 180 -598 765 -164 
-256 868 -543 865 -220 -277 597 -839 75 -884 559 -806 171 537 404 843 670 -21 149 -286 415 699 -727 826 -880 447 -605 149 530 -524 -1 -958 150 -405 -412 -495 -253 249 -181 -426 78 -602 -983 -590 -611 -553 309 993 -602 156 42 -222 -653 -470 947 630 -294 810 -978 89 -962 569 -113 362 477 152 639 897 566 -429 763 162 -538 667 664 -413 844 -506 -580 -347 399 211 -604 388 -837 966 328 -225 -912 -591 178 -985 -357 -221 -631 800 -265 992 394 -319 
-584 950 231 103 615 122 -700 691 -508 -926 -845 930 399 -661 -27 -942 40 -172 -66 425 -1 961 -713 708 -197 -561 -475 707 776 72 37 105 321 917 -709 -155 -534 -943 46 968 -195 -213 528 -989 -285 298 -997 -537 345 -612 -974 423 -399 -934 811 -466 782 21 -216 837 -79 -994 -16 636 -738 661 693 -27 -278 295 -770 134 503 907 768 -326 -40 -181 -368 32 199 960 -950 122 -881 796 -959 -145 -458 645 440 881 -844 634 823 -496 329 474 -574 -38 
446 429 -374 299 -470 621 -773 -562 45 -259 -814 -773 -118 -887 447 -744 -350 -341 105 45 316 285 200 -540 974 706 -964 507 203 -35 -524 901 -648 -106 698 -50 -747 -860 19 -560 567 -232 -15 -721 -165 979 -899 137 528 530 627 -201 506 -318 -631 844 778 283 918 -266 736 -120 966 -807 -923 -405 -848 -210 -480 -848 -989 318 348 -449 634 280 -436 -423 -522 -84 185 -280 627 909 175 -419 -397 513 -856 269 -422 -603 955 184 -547 218 498 91 -378 -231 
64 520 -972 291 211 961 -275 -733 -989 494 -152 347 744 449 -172 -67 -404 -304 754 929 -814 -685 949 -119 872 -648 -552 846 -582 -566 -556 565 -278 -344 -263 -166 67 -955 -814 798 -789 -966 -476 -10 -901 -819 53 335 810 264 941 -496 663 -436 -483 230 -207 762 87 713 -936 625 -611 682 674 482 -190 236 384 317 -142 658 673 -344 -736 -775 -922 -765 453 634 -605 413 -648 -614 836 -250 32 -902 -485 328 190 581 -989 -121 -661 -296 -934 941 502 494 
-807 -94 535 453 -410 179 -153 -894 -30 308 -805 -93 932 -309 -2 -453 -964 332 -941 -193 -951 -890 532 585 299 46 -233 422 -112 -448 28 -510 682 49 521 737 435 887 577 160 -782 -844 699 333 -561 718 607 112 -752 -203 -339 -75 378 -572 -480 206 140 642 358 -536 502 513 -287 498 -130 459 510 -883 66 812 -709 -638 -666 802 -819 -627 -304 -66 757 -921 844 -831 -191 819 -417 -683 499 -175 800 419 113 129 337 533 -134 -776 -29 95 -586 -591 
-820 -949 530 47 614 -77 370 -210 -881 -624 -70 975 -437 -305 860 589 23 378 -792 -437 -666 407 -703 -440 -252 268 -756 -155 -535 -328 358 740 -507 920 -187 679 796 -696 10 781 -636 -956 -308 -563 372 -960 -74 -582 758 140 851 -582 305 625 -691 -332 -855 -649 -845 14 956 912 572 462 -254 660 280 -969 -17 -341 120 197 446 648 982 -175 471 -309 166 895 -656 219 -506 -822 -670 128 -36 555 608 -162 -866 -833 405 760 -55 -724 -372 -138 287 158 
-709 -818 306 -596 -304 -910 859 -87 -941 -718 704 554 -356 -907 -414 -433 -546 864 -473 -465 872 67 968 394 -430 440 -203 -875 856 820 404 -383 -107 -904 767 -729 -590 -376 576 409 716 871 -690 -394 867 616 -713 -647 -217 -334 462 102 952 -411 -801 461 -463 -497 -58 142 263 503 225 -870 974 -567 575 -78 18 582 -65 306 939 -372 595 -169 713 883 -964 853 -724 399 -653 941 -100 -932 -335 841 154 -353 -705 147 -487 717 -92 895 -950 -378 297 477 
660 516 803 259 125 -838 -705 -649 -703 -524 316 765 -392 -774 -746 -281 251 564 247 -875 -926 574 -25 -403 -723 425 -440 -850 368 166 -918 -122 -429 -317 -969 -26 -182 635 331 -999 -23 897 712 -782 82 559 184 -780 258 426 670 -334 -582 922 77 169 -615 941 984 282 957 838 955 910 410 441 832 281 802 -778 -554 690 166 -291 -911 -286 -50 -256 673 -237 -243 640 -511 95 62 -43 -547 713 281 743 715 -40 -555 -26 308 -473 -9 -38 491 846 
689 296 848 962 -129 -943 488 615 -73 -321 82 817 -813 632 969 -561 223 -65 -558 471 992 351 -752 -802 -590 -750 991 -467 -799 -58 -799 -206 -906 805 -445 -300 -880 372 -176 -273 -58 912 -164 -320 156 793 -984 517 -98 -306 843 -738 -734 454 503 421 110 -857 -958 -740 -350 -398 -920 20 -283 352 -709 -849 -658 -276 877 257 -476 -260 -426 -536 -319 261 222 -525 -663 -912 -198 -890 -752 -913 -157 551 -395 -332 -482 267 -702 570 -468 408 449 -621 -654 376 
-564 579 128 -541 -275 -446 955 -595 -139 -825 637 877 398 -982 -879 -763 731 384 -854 77 -988 -167 -934 672 -660 832 -635 948 81 431 721 -159 34 -753 336 373 -683 -351 31 875 371 88 -287 800 -285 23 -233 648 -655 829 423 174 177 802 -46 -327 136 -33 476 850 -26 -129 455 816 92 -719 699 -895 418 614 -640 -25 -501 856 -92 919 214 -604 -176 -848 -266 511 -36 587 950 -724 91 881 633 -492 774 -937 88 -717 -96 -952 448 919 -753 -459 
553 119 777 -170 141 227 628 -721 -746 -931 501 -616 169 -331 -364 -987 -952 992 701 173 888 -509 63 -295 403 521 352 715 668 -606 -364 605 66 769 -516 -809 -632 43 -450 -229 73 -977 655 -262 645 434 -200 975 910 -956 -158 -18 664 -530 193 -794 500 59 -487 -366 -564 984 -846 -534 570 738 113 307 -978 424 192 888 -423 -173 29 686 257 -830 -410 -980 -999 -73 -49 -17 312 -148 -942 -642 -154 318 -486 938 -664 -823 -830 265 368 419 179 889 
846 673 -42 -59 129 -222 -26 905 -332 -307 412 -533 -774 -653 -8 410 307 -661 132 -688 659 -533 -98 206 432 -519 -74 -927 33 -558 792 -572 995 -425 -125 -821 -499 838 359 567 -536 731 -948 12 15 100 -838 827 -490 -909 532 328 -945 -360 331 746 -948 682 106 33 72 743 -426 929 831 -164 -431 -525 -408 -968 -611 -45 -669 104 143 750 381 879 -825 -915 254 -931 -765 -346 -638 331 684 696 367 -706 -292 -916 -63 436 -823 923 535 725 -134 750 
396 406 -820 141 963 950 -210 518 538 -644 -282 77 -597 -37 -773 -280 -326 652 352 -223 -364 -420 656 518 -917 446 -70 -76 351 -516 -247 -529 -910 272 -321 435 580 925 683 465 515 -58 27 240 39 -272 -658 260 479 524 433 -676 612 -535 -318 38 122 911 473 -859 -757 373 442 948 899 205 -171 -897 -538 183 747 -479 -315 555 801 130 -594 -891 -140 996 -741 -726 -814 116 -106 -46 -65 783 -964 990 316 345 579 -547 -611 -632 787 558 -480 -863 
777 592 -363 489 810 -523 695 -493 958 319 -211 307 233 804 859 -229 -493 -80 -128 -513 331 72 754 -558 -789 -392 -54 41 -247 252 879 -135 -239 -10 -64 366 818 -942 719 28 -148 264 895 -193 -747 298 -510 -16 -306 -589 402 91 607 -374 130 480 -681 560 -981 543 -712 -406 170 906 -337 409 843 -749 391 -649 112 373 -537 756 157 -708 370 -798 -904 45 881 -456 698 549 -768 522 547 51 390 787 366 -611 606 -464 -863 -205 739 182 284 -724 
868 494 172 -942 -465 -186 -226 364 -868 525 290 96 560 175 717 348 -705 454 796 -253 367 -595 -417 704 518 -378 57 -243 -414 -439 886 782 286 -964 -27 -457 99 -549 -375 -689 -856 -599 698 751 1 -124 -163 2 -964 -834 164 -262 898 353 380 -309 -543 667 823 -151 -821 987 -976 -32 772 478 130 995 -413 454 620 -46 372 685 858 -570 -543 147 454 -896 303 840 267 350 -429 375 733 596 -984 515 163 333 698 -78 -840 -56 698 -254 -554 -265 
-91 390 476 923 584 -54 -705 -44 143 585 -486 -976 278 14 -524 651 -426 -997 -326 -599 716 -104 921 -313 -197 -618 -286 224 622 -829 -514 270 775 -767 146 362 -999 201 110 429 -176 -792 0 324 939 306 223 30 -995 943 -472 151 -96 -814 -780 496 -810 -227 -389 22 -303 -901 942 -679 -468 -597 -38 439 54 -722 932 838 629 -124 -337 67 311 -511 829 -706 998 649 155 972 -554 735 738 -721 508 -401 -611 179 402 12 826 916 527 975 -550 -88 
-538 80 844 -533 132 -142 507 28 107 245 -554 -362 581 659 -815 809 715 -666 -749 584 634 636 -766 761 61 -363 615 248 -370 803 -993 -727 -576 -905 -979 -374 594 -604 -492 -535 -58 -71 158 833 192 901 -114 469 -517 -121 -440 797 -159 708 -963 -734 -945 134 18 774 883 -208 -80 -725 -160 599 -905 -915 -361 -33 160 941 -287 -39 -332 -579 -432 8 387 -880 272 -448 -411 -195 731 967 919 188 425 432 869 -422 -768 952 361 824 -141 10 850 784 
-121 -270 -60 -452 927 472 -159 -535 -653 -939 -662 -859 -651 174 957 199 588 303 -190 277 170 796 -811 -856 926 -580 645 719 597 741 22 -720 -945 167 525 -646 -325 -272 -871 612 552 306 -267 235 -868 -847 -424 -236 278 906 -725 21 71 -953 -760 990 262 729 34 -721 457 464 -851 56 396 442 128 -111 -87 -543 969 918 -964 335 -785 -128 -688 654 260 536 -293 -843 -289 -926 -719 -481 -391 -49 233 -421 540 -710 852 -257 -991 -794 -179 829 -770 262 
482 -363 928 185 89 369 248 372 343 -637 -24 -663 698 25 695 -865 -912 -407 123 669 -506 -857 -713 261 416 -402 -32 -76 977 -356 908 -422 557 556 -580 -938 52 -666 -722 299 876 -538 385 -928 -850 848 -251 11 180 147 444 -595 502 -650 800 636 -311 975 -190 -674 38 859 -710 27 432 948 -324 -610 -237 339 -980 -212 -376 -416 -889 -278 -539 228 -308 -61 -466 -297 -688 502 205 806 -220 -497 680 877 364 844 893 499 -71 423 295 876 -650 -517 
343 -351 884 -327 326 729 -17 -511 647 -687 337 -2 486 -386 -450 -35 -274 -637 201 515 809 238 -969 -674 504 8 213 -357 -796 -725 871 244 516 530 437 -956 -362 -907 -348 -721 615 157 714 864 -590 -472 478 452 105 451 215 16 611 -882 590 -568 195 -303 901 186 -335 -935 233 -823 -780 86 -911 -667 220 -371 -866 362 873 -209 -54 -368 -103 -497 430 238 -332 -269 -418 984 515 -601 -987 360 -757 269 665 972 -403 -628 674 -851 -417 704 -817 -736 
544 -191 -120 351 -662 999 528 852 563 26 369 -205 635 -895 -568 259 -48 239 -783 -730 -313 289 -37 374 -548 850 -649 737 -640 384 -800 475 710 893 -216 -97 -808 -560 -763 679 800 477 -577 850 233 -198 434 45 920 270 830 -123 83 -496 -558 -701 961 329 238 36 -876 211 -95 742 -83 197 -650 -214 -11 908 754 -455 -89 537 616 -406 -949 -798 -279 38 -659 961 -958 -641 85 -146 427 750 -950 -579 -843 939 -339 607 -523 -44 -215 640 21 992 
187 285 -400 728 43 -37 -33 -968 -648 -585 478 -430 -379 644 495 -544 173 394 954 940 -611 913 -137 -255 -435 -544 682 -339 937 423 531 -962 -811 -451 956 -496 -623 486 678 726 -986 927 -351 -179 -669 -350 626 937 926 -87 -771 141 -256 734 112 -798 -70 -169 -230 -761 182 602 866 -613 -225 -704 -41 -586 872 960 -611 -499 -210 953 -67 -375 -844 -890 305 -693 -236 332 534 -410 823 255 4 63 -768 -182 -610 849 -513 -726 -939 -801 959 -425 -899 -707 
174 83 -895 -978 789 670 119 -784 -345 632 -248 -256 137 328 767 219 -865 333 -749 -227 633 -524 -220 -972 -195 -65 995 -30 -964 -285 598 263 499 -866 155 755 311 206 -851 -799 -239 -760 -445 390 719 314 -405 -851 -913 -900 -779 407 -873 -940 45 -474 480 -238 -571 947 77 683 291 -524 -161 396 320 -137 375 867 -770 683 -131 -730 418 -142 384 -367 339 -38 895 829 -829 -759 -554 -417 -310 -154 47 134 728 -178 790 -126 -342 363 -250 50 -757 -317 
-193 580 -857 324 251 976 906 -342 -913 -271 220 -168 713 661 -638 -817 76 779 980 -368 299 -99 -832 407 -559 -384 847 -245 -539 -917 412 888 -376 -474 -395 -423 312 -689 -629 843 -962 -892 -761 466 259 -744 347 -10 -771 718 -102 -533 -734 0 -527 -284 398 589 -129 69 195 -676 -582 971 424 990 919 274 -966 -838 24 765 -738 -236 -294 592 -750 -33 299 865 279 -952 815 -383 -425 -429 174 -476 484 881 -896 739 861 -249 -384 247 102 -981 -105 -818 
55 971 670 -825 -152 785 509 -597 644 -625 -799 941 -273 -340 914 -683 881 -656 -433 309 684 -484 -649 853 641 -693 -530 180 670 805 674 607 -987 -209 225 -454 387 -766 -64 -355 667 754 487 -777 565 259 -311 903 877 303 57 -138 -730 -457 -362 469 198 514 -160 -207 197 588 812 -85 -7 -399 -76 -883 -148 -422 785 422 -28 316 384 -728 -829 -162 -726 -26 -281 -439 241 -269 -424 309 997 -576 -692 274 815 310 3 747 -938 -936 -739 -179 -517 895 
112 -53 857 -809 -431 905 -805 -449 -871 -660 613 -521 117 -960 -287 236 -219 -503 -686 755 -709 243 149 53 -648 -569 -612 610 796 665 929 -10 29 559 -819 -24 528 974 -956 -607 560 924 706 -859 -771 -942 -905 991 456 347 -870 169 623 609 794 65 444 -62 749 27 718 -613 601 357 408 139 9 157 232 -265 347 113 -743 -632 -496 45 -759 936 199 558 98 305 -790 -297 674 666 456 -202 -923 679 -935 760 389 -531 697 -247 315 51 408 -248 
-977 834 564 665 -672 686 826 454 -588 927 984 -146 394 310 200 -50 -596 526 -936 161 -157 -4 -831 -681 -797 -370 -300 -390 997 -222 162 442 440 -364 -178 -55 691 -974 -367 -741 714 -242 -946 -674 415 -647 888 -729 -112 -249 -422 606 272 900 -164 292 -490 675 52 -520 280 -624 84 -448 371 -256 -674 970 65 -766 -368 -809 911 754 259 -729 622 -934 -98 -453 499 -127 87 -503 -484 650 -23 -142 -120 -443 -414 948 890 388 -870 -864 -980 -60 -470 269 
578 -777 -395 -280 769 49 720 -632 -221 412 -893 -18 202 -423 217 120 -59 -381 -600 -332 -913 619 -774 -147 870 -756 -616 -991 150 933 605 652 511 991 -727 -913 -478 -99 67 636 875 -394 951 -187 953 972 -195 -769 -927 -303 -187 -430 -499 824 876 -417 88 -47 -116 -339 -31 -511 850 -403 426 -18 -856 867 75 -672 -713 370 -213 266 -929 -820 991 468 -376 -708 368 898 -436 -734 233 -934 -438 -228 846 -401 -669 -572 417 144 588 240 301 743 358 303 
578 418 -981 -151 481 7 887 97 797 794 -287 902 528 200 682 669 723 822 -847 -245 -673 -962 861 -949 -842 -883 720 -907 247 810 -852 -620 483 -175 -839 -620 346 -328 -263 823 588 558 -32 240 797 78 -194 122 223 -673 716 302 573 744 48 -117 -333 -254 177 -123 -182 -706 -216 459 -417 -319 604 -290 -558 230 -944 56 -199 -93 -643 -965 899 -43 672 -261 127 -249 89 -329 -248 -668 324 930 -487 -751 560 852 827 708 595 -218 -384 -483 -664 -667 
351 -423 659 496 -230 830 -226 -959 860 -759 653 -737 436 710 -185 471 -82 -571 -451 702 710 996 668 997 -923 508 371 614 -325 734 -904 -779 544 52 -696 -336 279 49 686 52 573 194 783 787 342 -713 204 -684 -780 -889 -936 813 -609 319 -908 666 -673 762 -621 -81 -686 771 -520 -787 65 -300 429 399 959 -51 665 -525 191 -106 -717 56 -354 714 182 207 -301 479 -715 191 -261 576 -234 860 232 -939 407 260 844 -15 -784 -34 -580 497 -105 -744 
980 595 170 -833 -319 -874 624 -829 626 -535 795 492 -600 939 -93 149 -933 -232 -917 -825 -297 -256 270 795 -813 592 -336 -708 694 652 -368 699 -263 78 344 -179 -698 -286 -381 -24 -136 -136 736 -559 967 -268 783 62 395 -773 -539 666 -374 -628 754 -539 999 -350 -221 -35 -637 -757 654 835 992 519 316 -398 -104 952 -509 -673 547 -64 -258 216 -960 -384 596 257 189 -447 558 -656 -516 606 -807 -214 -527 -605 830 -88 708 -676 750 -529 43 -631 -682 970 
27 -51 -964 -215 831 882 152 118 -310 -128 -935 896 79 -426 -423 -87 38 -674 410 -104 -382 214 840 -469 901 635 -296 -641 -712 609 180 503 -33 -983 -823 -509 139 -876 -628 -238 -501 316 899 1 -495 468 925 226 -976 308 907 -538 -13 -270 -554 -68 -385 940 618 -545 552 -404 -478 -838 750 609 -312 269 893 21 112 327 -806 143 283 343 445 -733 510 272 855 -123 313 467 -379 760 -245 -945 318 -845 80 -671 760 -193 275 -944 800 -380 -309 952 
-303 61 951 -150 -962 -173 -425 -652 864 -490 -861 28 96 -864 580 170 -327 -18 481 381 0 251 -484 -735 558 291 288 364 -421 846 0 -513 -945 -694 -523 -360 -625 511 175 249 -77 90 129 29 657 201 -531 819 290 905 574 210 -819 469 160 -437 394 643 -821 699 837 694 897 -321 67 -752 -954 -454 -210 897 -429 541 -175 58 -364 -597 856 917 -523 534 -158 314 562 -846 787 -612 288 -787 -995 -625 -460 -367 -698 -293 -663 -670 713 -473 -181 824 
333 -212 475 843 -407 289 850 224 -64 479 923 538 -129 982 -331 -40 -868 280 -588 -379 -486 -495 264 -722 830 -615 90 -327 -39 -337 782 341 385 -108 828 -572 625 -296 129 330 -303 619 -98 -334 -728 -532 -821 684 162 256 445 225 -44 86 -773 162 49 -529 702 732 55 591 -877 194 -185 301 909 479 -812 843 609 750 527 -501 498 -463 -684 -652 698 749 707 -122 990 -888 300 874 -922 77 -337 960 -354 973 -488 -107 -375 152 947 -194 -571 -818 
-398 798 397 928 -203 -705 342 -761 -710 -273 -588 376 609 -302 -648 606 517 130 231 -820 -470 580 -770 -235 255 961 973 995 -845 -702 -739 -535 -578 828 -542 -552 978 -489 -867 566 133 -25 71 -824 -993 286 269 -509 665 -798 37 -548 785 729 716 905 -253 -449 27 -812 122 -882 -651 143 139 -230 -446 -591 761 346 485 -41 493 684 728 -824 -98 515 -822 638 -143 26 -671 619 899 34 48 -202 -841 777 -247 -384 -334 609 757 928 -8 -508 452 -888 
-794 132 102 -611 -590 -121 226 912 219 -968 -671 903 732 492 -377 899 642 467 -619 771 537 -351 931 -699 -167 855 -190 797 669 -322 -367 -519 66 817 996 -441 748 -237 -548 -973 -768 -811 775 -86 -632 992 702 -358 766 -135 -133 613 724 153 541 -782 93 644 -450 -381 -172 485 861 -434 -724 -543 -161 971 856 366 654 -544 361 583 -978 -434 -660 -515 630 -68 -938 -359 -981 -272 735 660 751 -90 579 -556 -65 398 50 -979 -593 889 -24 858 -59 -888 
-342 92 -376 -543 825 695 617 -185 -680 -282 725 682 -303 919 875 -482 857 571 -763 457 572 -790 863 598 168 -671 283 782 -51 493 329 317 -64 -373 449 920 471 -153 205 92 -632 793 -664 -641 630 89 -559 -263 495 -674 -49 -173 919 892 -489 -813 814 20 -873 -190 934 -435 -412 -924 511 340 924 546 -713 -761 -891 -112 -642 -838 501 -909 -80 -463 657 -864 225 576 29 817 -62 -436 441 956 336 -784 423 179 334 -319 -243 100 -189 -614 239 -432 
-150 -801 611 154 -784 506 258 -875 -542 -222 394 -531 198 343 496 364 798 9 -213 380 93 -968 -955 483 384 258 -134 -920 980 588 -948 -839 610 480 -703 384 759 807 -989 20 -548 -252 549 218 227 421 953 -72 347 -523 617 -544 476 612 945 -116 311 600 259 -932 70 489 46 117 764 -195 535 -72 -521 -417 -959 303 -393 717 497 588 -41 -780 -350 -605 27 641 -117 -87 -361 620 111 152 54 -756 -585 -644 -214 -162 878 998 -710 477 501 919 
-250 -630 -13 -718 897 834 625 -816 -590 -630 416 -283 -950 339 -227 837 728 24 -684 540 -946 554 352 112 855 -507 905 -684 547 909 -491 549 -441 310 25 -469 884 695 993 309 -625 817 -779 -585 -132 -471 215 464 -742 -413 452 861 -695 585 388 731 -674 -203 657 217 -636 -715 -226 91 -497 -745 129 712 -275 -962 670 -802 196 153 -619 -347 826 -103 349 894 531 230 166 -384 564 -397 66 -784 -294 398 50 -517 971 -317 -376 273 942 489 594 -214 
-410 994 -624 100 826 -461 384 -494 -950 629 -861 -290 -323 -33 15 117 -472 550 65 292 -641 64 -956 -111 -747 587 155 545 -960 -61 618 878 6 249 500 -493 832 -123 -865 442 747 815 838 420 -262 595 -365 995 528 733 -592 12 209 216 -659 152 -452 -274 166 273 -476 -184 207 371 -945 -644 -372 51 -646 646 -952 -116 -395 426 -711 251 -228 -970 460 -734 536 840 852 519 -19 -428 81 -744 -293 -554 -333 -756 -490 520 -180 -841 -414 -886 -112 762 
-749 61 -12 611 983 315 601 -599 -113 965 -784 -617 -468 141 106 839 -191 -60 843 580 -479 -594 -793 -657 -181 825 -610 -481 835 886 -770 11 -309 -377 859 122 112 126 -851 -520 -768 -446 26 -109 241 228 492 -443 -11 539 -315 410 -884 -100 175 732 -461 -342 -745 646 336 416 -621 950 -633 -409 -819 -582 -393 946 343 406 111 -366 -282 -194 -813 908 -752 272 350 433 -519 723 469 -111 740 400 -463 -579 629 642 -714 -887 -581 209 930 950 -85 -304 
-56 -403 100 -226 -603 269 485 -216 698 -151 781 -75 -97 -226 795 891 61 128 576 492 172 -708 648 564 635 -416 -924 -162 -173 226 -32 -796 994 579 449 603 -498 -481 593 -129 658 791 -762 -68 879 429 -156 845 547 -267 -234 -486 119 -180 275 417 -504 623 -643 -450 -496 -574 -883 407 58 832 330 -64 -99 190 -647 -36 745 926 152 932 -32 -120 133 848 -853 526 824 687 -148 -934 42 -139 946 83 1 -145 -670 -878 -510 -344 274 -172 -444 804 
149 -334 873 751 269 922 336 -141 521 506 488 928 439 -437 811 -394 -106 -47 -368 123 262 793 -825 -356 914 190 106 54 -764 961 918 760 934 301 -794 955 97 748 -216 -261 482 -236 20 512 -411 -45 305 850 332 496 -433 -625 130 758 -109 561 411 -254 245 664 486 907 461 90 653 849 -830 -818 -16 -511 -306 696 -202 67 -827 -755 314 544 -102 76 -835 -928 288 429 365 -270 25 -635 509 -634 -365 986 -393 102 525 767 536 487 -251 304 
910 -793 -977 -942 837 203 -738 538 985 -897 -597 485 132 -137 -444 277 -948 406 595 257 -10 -747 -945 667 38 -289 894 790 723 200 -330 397 -255 -691 -437 335 912 -759 275 950 -912 -243 476 149 -476 -928 938 -833 191 803 -231 224 -961 202 943 439 -774 735 182 -841 -542 -502 -25 -205 441 -382 -877 -584 945 -144 -314 216 -593 539 391 -655 178 -154 -335 -603 732 933 435 -999 -229 6 -493 754 833 248 88 403 660 -173 940 990 712 266 120 891 
-333 539 -513 -978 792 464 998 310 491 -57 -846 -998 215 -468 -314 942 985 -274 -855 -831 -504 -939 268 -148 -81 -955 662 -329 -51 789 40 -456 -827 -546 -952 755 337 -760 74 652 819 -84 572 -869 243 808 262 794 -883 -346 862 -922 -404 -174 785 -12 88 -559 -11 780 -28 -633 186 -42 569 530 339 -68 6 462 528 801 0 873 -396 -468 -972 -776 -254 -491 -335 123 -946 -830 730 923 682 44 788 -397 965 -925 17 72 516 806 -128 -520 552 -286 
-223 903 -154 539 845 744 -330 600 396 115 -682 -211 -525 755 -314 554 -655 963 -325 -291 -508 -278 365 351 -410 141 -421 497 -10 -754 -172 -907 -939 838 265 505 -25 -744 707 -268 181 271 836 -171 -236 -513 -66 -710 997 -943 -142 -539 -840 -716 -557 -19 726 857 520 -706 -583 -880 980 451 311 -347 48 836 152 -212 -300 -223 720 523 -912 326 4 6 -76 -994 -810 -139 -513 -744 774 -530 649 -743 790 -878 -621 405 -616 -137 529 361 697 -503 -667 -828 
134 -536 -720 -866 -524 -169 -962 89 565 -773 -216 -30 592 -707 28 328 12 3 573 782 -126 456 -764 -16 698 -81 -21 617 -789 159 161 -941 326 115 517 171 758 -817 96 995 342 -884 220 230 122 -579 82 -604 897 983 -851 -141 -398 -586 -115 751 731 -559 150 -950 384 459 -8 -598 -87 905 -832 -738 328 -724 -54 895 824 -512 283 74 33 -241 -319 -593 447 -240 452 -319 385 98 -378 -895 -922 -614 615 160 -711 215 554 -255 -390 248 -263 -143 
-356 -523 -317 344 -14 -365 863 825 326 594 311 16 825 666 -450 915 970 991 586 751 -510 -208 442 297 299 246 875 -928 292 -440 87 -877 728 -887 -654 630 393 855 -834 -604 -549 715 953 416 -864 -401 -652 502 329 353 -677 291 707 -921 -423 472 372 375 173 605 -68 576 895 658 -402 -834 -736 397 -462 547 -108 976 -487 -932 -535 308 234 -639 55 403 32 185 870 -930 -907 947 -320 -173 918 -565 -38 301 -501 684 213 -618 174 841 777 -147 
-949 -816 167 282 -302 513 742 844 41 282 504 197 -697 173 -392 411 132 997 578 396 -408 967 -582 -37 798 -941 -289 -635 376 233 622 -567 -273 8 368 -773 690 324 305 274 469 813 -533 -550 454 -352 -631 0 -305 -20 711 965 439 510 -898 497 -970 -654 -883 936 -990 864 -688 840 166 527 -379 -252 452 -749 905 612 -638 -306 -29 224 -98 493 246 -381 951 -979 93 575 -719 -529 -222 236 -613 -980 862 -868 -696 524 818 415 -494 -388 553 -45 
-424 -154 379 421 248 -272 -888 -86 -446 -68 -141 287 -229 986 808 -808 748 690 -639 -452 -933 -529 873 -483 595 579 -448 -164 -736 57 -7 460 55 3 14 721 77 168 -124 710 -532 -970 632 -994 -29 667 -868 35 728 -971 -6 20 -765 -569 -157 732 88 -443 463 -748 -258 61 700 -330 850 211 540 -600 629 -695 253 870 268 -215 -213 887 430 -595 825 -494 7 -722 -22 -58 961 -186 -31 -80 820 386 -732 22 565 892 634 -361 653 -28 -252 895 
821 -992 -905 -122 -932 567 -997 -506 -655 -824 485 554 -361 -23 -397 252 905 -886 -735 -449 -509 -644 -341 210 291 -816 383 89 522 46 939 845 903 673 898 -909 -849 -980 -836 683 -773 336 -969 983 -85 -152 197 822 424 173 815 6 542 186 395 -611 -849 965 -502 -137 293 -759 997 986 844 374 -492 482 -518 970 -214 -563 -74 705 287 -727 -676 -830 932 -293 -907 95 -182 -365 -879 -904 -985 -615 539 -757 -658 615 1 225 255 -714 -820 756 -551 -497 
830 86 -216 553 638 659 997 620 -411 -558 -887 -676 967 375 -887 822 778 935 15 -629 -546 620 882 -307 -903 400 -866 -837 787 -371 328 326 142 -328 555 923 -529 27 436 503 400 993 795 -143 -375 211 287 167 68 -935 -782 81 -445 270 322 -778 688 -751 -817 -713 968 307 -225 767 -41 -539 -81 561 182 965 -352 28 -420 109 99 697 -541 12 668 243 612 -30 -170 376 748 -924 163 389 -985 20 -881 -62 -570 984 -895 643 700 -589 282 376 
-300 -988 529 -234 -209 -853 33 -642 -557 -159 91 -50 436 952 75 -431 -770 -195 985 143 859 142 737 514 -664 550 785 -394 901 539 486 430 259 67 681 210 59 -676 -726 -950 -891 -583 779 483 66 542 -957 -28 -580 -805 -396 355 -674 859 -628 -167 -705 856 -423 -20 -236 -749 357 -492 -9 -274 708 -991 -959 -995 -550 -221 -501 -353 -346 656 315 -512 573 382 849 -654 990 219 -168 -774 -685 -231 -856 945 -237 386 486 565 -932 436 138 -594 -213 747 
-807 307 71 -403 25 -942 -89 -269 919 509 -417 432 -69 449 -292 -658 329 -756 444 -232 -27 -483 -836 979 985 -305 -454 895 -799 206 182 38 -60 283 506 -771 828 398 -387 530 -6 -81 -900 -100 -226 556 -69 -954 -492 467 315 -102 214 118 880 656 941 444 -401 -749 -766 -101 -115 302 424 981 693 -451 -552 409 -848 -773 -966 780 -975 -191 577 309 813 936 398 -469 522 513 -415 -784 -858 738 112 708 846 -749 -426 -250 775 860 -165 59 -478 831 
-334 -401 113 908 179 898 -142 273 -610 -730 -124 -890 79 -502 -268 841 -836 -132 -417 -20 287 -305 -314 -750 24 -197 981 -698 -364 673 -699 -369 222 276 -480 50 682 558 879 210 -511 651 640 113 -421 776 -347 417 644 55 -708 -458 666 -996 646 69 550 741 -856 853 716 -680 -608 -879 439 -182 -295 -594 76 111 -26 906 -61 175 -994 -104 710 -232 948 -531 -287 575 775 -650 117 -505 384 512 781 -995 -100 628 391 848 515 -803 -264 844 599 -891 
-557 519 -871 -572 130 150 -230 -809 215 169 227 13 -392 72 -77 -682 729 603 -291 -709 -271 848 116 644 16 -650 533 431 -553 -443 -383 -125 -910 -472 -214 -209 164 -506 855 -178 981 -113 -14 -112 960 -658 -977 -25 -132 293 -801 710 -178 988 12 -886 -994 -847 -36 -994 -417 -254 -794 98 -186 -341 308 -890 764 461 -465 -318 -925 599 -929 931 -921 519 376 777 -364 53 -55 882 -320 -553 -8 703 -523 511 -750 332 777 -88 -207 63 -176 797 987 -44 
793 633 154 -670 408 47 -850 327 496 -124 -587 115 -665 -44 -313 -829 -888 -271 -402 -498 733 -75 77 -221 67 -266 -468 -13 461 -968 88 33 -801 18 -905 415 -265 -806 -587 526 609 175 -70 -866 -679 -394 441 -737 415 165 785 -947 222 448 107 -357 -705 -756 -191 136 56 173 -974 -911 8 -982 -202 968 -845 441 153 308 105 -741 -169 -522 145 995 -279 770 -385 -936 -443 110 -502 984 636 467 -512 -475 243 -502 2 -843 995 548 -116 -663 -208 -453 
288 680 159 -545 88 -763 407 -683 180 -442 -437 762 720 -376 -855 -432 825 955 -985 884 -576 729 -797 670 -218 218 688 -827 222 668 679 -620 -972 183 474 677 820 163 -770 -800 -141 247 373 -976 -204 -122 -232 -49 362 -695 -678 -53 722 -199 656 -981 526 155 505 376 420 -967 -95 831 -146 956 -568 885 294 -321 24 802 -836 -14 -629 820 -657 342 -897 -669 -502 -420 500 746 -112 -197 595 776 771 -26 -231 -729 233 -603 -758 951 -1 378 103 754 
-886 965 654 707 -183 -747 987 -471 501 -446 -11 -501 -376 324 222 488 -784 79 951 -502 928 -1 -775 654 500 -137 -983 891 519 210 -304 198 0 171 193 -498 -149 -229 738 827 -705 -225 -970 -328 411 -836 195 -962 -120 -714 -940 -478 -10 358 -514 192 -913 360 585 -69 514 167 -737 -980 -312 -916 -383 -269 981 -834 0 773 -674 -159 -47 29 724 435 916 957 389 -677 443 994 -785 -57 -339 -88 941 239 821 -1 373 109 -112 -746 -824 773 -896 -884 
892 -421 -821 -695 -680 -224 -613 378 -630 -909 499 -402 706 739 -537 -771 -402 -309 717 -471 834 917 -758 -973 -232 -624 -148 -357 485 679 349 144 -96 991 -17 -705 552 461 381 214 977 761 245 235 -866 -340 -526 264 -243 -958 -388 441 496 -663 -526 -850 414 -619 -267 -148 -356 -251 90 -286 -979 776 415 -481 -595 -981 -725 -864 -482 672 -897 346 341 -325 952 -346 -310 -740 987 -398 909 -144 33 -439 547 -927 114 -103 -877 -997 -485 424 -128 782 266 594 
-134 484 995 -589 959 615 -489 -848 298 -484 971 -795 318 546 -403 982 498 -647 -758 37 -70 -672 -876 -814 -649 -212 778 -840 -633 124 -162 31 604 407 -290 -220 -61 -798 -245 486 -517 247 96 944 781 -676 602 529 363 -522 125 502 -12 -697 -353 411 168 822 -367 -239 -565 94 928 -52 778 -175 -451 -318 456 807 -288 -857 4 -695 -352 -771 -178 -737 -123 817 -327 -247 -376 -18 -441 -145 -471 694 -467 -793 69 -688 -237 -604 715 -270 535 655 -368 500 
233 301 227 -895 934 -755 329 -761 -238 96 -534 582 -617 -297 -339 -997 -418 514 462 -38 791 79 -197 217 409 -299 -689 -589 728 12 -158 -797 -392 -169 -517 -130 506 -802 -18 -340 -359 961 832 634 987 401 -412 325 857 -404 659 -470 655 -792 -664 638 -304 -376 -550 -952 373 291 650 -852 708 -132 -729 549 822 23 754 -3 -624 -312 380 392 263 472 814 -986 -935 -92 -462 -47 149 752 493 -387 80 -675 603 573 -839 743 324 -170 701 115 83 153 
-196 650 -872 684 478 953 -614 -957 -590 774 -254 394 -791 -17 813 910 -408 -932 153 -873 724 -188 81 -348 -314 548 519 -825 -399 71 -988 627 -34 -437 -249 -854 765 578 239 -691 950 585 777 -219 -545 509 -331 -662 -647 -290 -597 -248 -706 745 -752 558 77 771 220 -359 -448 -912 996 378 943 -495 779 -917 285 -793 576 -40 828 -915 -979 504 564 736 349 469 -285 -336 548 867 -118 752 -592 -606 -348 754 -527 316 910 534 202 -448 -855 882 -717 -66 
145 -672 -886 151 644 -282 584 -757 822 943 -169 -259 59 -570 68 850 999 -563 416 488 -37 543 -331 -515 -392 -245 521 -193 539 -880 -668 -458 524 72 -848 -481 277 699 -672 3 -288 857 -434 -838 110 -544 727 930 208 -208 834 -664 -934 -923 -478 390 812 807 463 843 100 401 -966 -547 -427 64 241 -616 -130 -111 441 907 118 -428 733 -902 -323 -888 -148 706 -492 -343 -96 -734 581 761 -946 -183 -553 -926 -452 424 -255 636 -366 113 -221 225 -888 -878 
104 -935 -436 -856 19 794 -712 177 304 65 -386 -841 180 969 12 473 160 -393 555 666 -798 -974 -280 -959 201 -32 968 -893 938 95 -683 -502 669 137 545 -849 938 515 -947 16 391 -525 319 -699 816 -634 438 852 189 145 -749 202 -55 437 568 661 37 90 980 344 -867 837 -947 -409 -192 -570 393 728 879 337 905 -103 -945 522 63 724 -352 -369 -300 -555 -115 467 131 656 78 -568 627 -899 -987 -145 486 -948 -834 -338 268 114 859 -1 -560 -684 
-2 364 -436 -201 120 -796 -523 10 944 -138 259 805 -709 321 715 -424 -397 -53 -717 564 299 777 -177 778 -513 753 -388 352 546 32 751 -958 -309 -369 764 290 -19 -223 -44 -420 210 -639 25 627 962 -124 -399 822 194 520 701 785 942 7 30 589 690 567 154 173 -509 -261 699 -639 67 866 -421 -448 -434 -323 -677 150 268 -11 -395 632 -992 572 -456 -555 -104 927 629 -266 421 978 -698 673 -182 -568 929 113 189 -999 -632 -708 882 850 244 -355 
-77 -434 946 73 -391 -615 -927 -497 -225 539 128 398 485 119 -652 -533 806 10 -243 565 -413 578 -65 -335 804 320 -54 -80 -53 -640 149 756 267 511 742 -745 -798 577 -209 -722 14 -489 818 587 -783 719 667 -177 -563 -534 -603 -830 356 -92 570 -400 683 -305 376 92 -183 762 -666 -354 4 -880 -130 -885 -817 -164 721 -954 -759 -704 604 -288 -950 -251 114 -852 556 355 165 848 -599 670 711 -706 -886 -158 427 -464 426 327 -503 -250 458 -62 -612 -548 
-673 989 -224 -351 -118 -171 582 563 -872 -878 124 -437 -404 733 -726 344 604 50 257 -881 -383 -807 804 -60 -184 996 230 -969 616 923 797 -273 -535 -298 -420 541 68 -313 136 -19 -994 333 562 -226 463 -474 819 -34 99 403 -164 615 615 572 940 -30 579 30 122 -380 229 468 979 -567 452 882 287 414 -824 -952 504 414 675 191 -588 -288 -734 -224 508 463 -663 -256 -830 -464 278 437 851 168 -751 708 84 -467 901 797 301 845 -861 -580 510 434 
715 -782 -917 274 438 -18 346 -747 493 556 -912 -751 320 -325 480 -881 880 -761 -315 519 783 -136 -811 -265 232 -623 -434 816 -931 134 -97 -568 -600 430 803 912 -209 -868 -419 -63 227 -911 517 30 433 -123 777 -886 325 467 890 -664 962 401 -112 -664 -633 848 -551 -7 706 -235 179 374 85 835 53 -240 -9 -33 825 -25 592 543 7 371 641 -816 423 -506 73 -404 45 378 405 775 439 51 593 221 -596 847 429 282 810 -439 3 545 638 -315 
944 -893 -754 -308 868 -643 548 -993 -963 613 -112 -23 -236 -375 904 -20 828 -393 -486 324 -21 -628 -544 506 274 747 158 710 393 -571 -448 928 -184 696 701 -760 722 682 -157 958 -64 -82 34 229 -324 -184 -220 -732 383 -690 999 -264 -723 -446 841 -352 -981 -790 350 -182 718 -277 -768 -323 -636 973 671 698 785 -402 -551 339 -233 765 -796 197 577 246 -313 226 -783 558 -975 750 225 -295 -986 248 -911 509 -574 -660 352 -727 -392 584 924 -391 363 425 
786 84 965 650 336 392 -686 -400 734 -425 -425 -473 -919 -960 -795 923 -827 -106 -21 -518 549 920 -666 -863 663 716 550 -676 -839 610 269 -316 -240 902 -823 827 780 725 -292 994 -116 -338 -483 -905 329 -754 -420 81 120 674 185 -592 -614 917 -962 -766 304 327 852 790 40 -490 -668 700 384 -314 909 -498 -973 209 246 826 -765 125 578 -663 918 241 864 -733 -588 -877 -463 282 366 167 462 -756 -656 -162 -632 -815 639 872 708 897 708 -535 -642 545 
971 -119 129 554 -996 -934 134 106 427 -928 592 -862 -727 453 97 12 -620 71 -271 930 -27 -329 884 71 463 623 -304 587 695 -297 -712 578 -983 795 333 -155 997 -812 -311 668 -472 471 226 -131 -324 216 603 -65 -791 914 757 729 160 -158 38 57 -179 -917 -466 645 -569 -297 -632 970 -646 707 892 -638 -790 -313 -930 508 -443 959 339 180 612 301 910 679 374 -979 887 -961 -476 -950 -86 201 -849 -416 -620 -194 -30 -799 586 873 -141 -607 -248 20 
867 88 -584 -18 308 -383 497 397 794 -797 -716 977 -88 825 -341 604 589 600 756 294 -527 -338 -495 -483 305 979 893 388 -56 -889 456 -983 -710 -53 -146 -201 308 321 -877 -889 601 916 -21 -333 -923 -864 954 -285 -619 863 -795 743 -800 -275 308 83 -98 8 443 -366 419 263 -823 997 -313 352 2 719 951 661 -375 999 626 752 -756 589 627 744 823 -569 585 -370 -147 865 188 766 -786 -949 -66 -121 357 448 -537 -520 -593 -657 256 900 -745 71 
-996 -380 494 819 590 -412 550 -234 -993 -536 563 -114 899 210 -335 -396 -959 425 62 243 59 -588 12 -986 874 -649 631 208 -520 -85 479 -607 -422 -862 -358 -43 -688 -938 852 856 740 -277 417 -451 71 -397 151 -235 -332 -376 -813 83 743 -143 -430 299 495 309 771 901 -396 199 855 -165 0 -247 -885 -191 689 -340 -91 -298 387 -846 -740 -47 270 203 -336 79 588 132 984 377 910 587 -538 -871 111 -285 554 -849 -364 6 252 227 -566 15 -918 71 
341 8 72 737 287 452 -940 957 -146 532 878 62 -474 322 90 892 -305 223 -856 -808 563 85 290 432 -44 -176 -870 -673 252 -44 770 192 808 -449 828 -963 910 788 386 875 298 -28 -263 788 923 -573 957 218 971 -478 -152 608 19 -681 -154 588 384 470 -980 -370 495 218 219 -48 -973 112 -896 483 999 -763 -919 -841 436 281 -200 -31 -868 -272 -448 -577 -848 678 58 -505 -238 674 983 436 320 546 -435 97 -851 -768 -534 740 413 549 -529 -592 
-445 131 446 578 -9 -381 -24 441 25 -339 413 698 90 662 234 588 273 768 264 694 766 56 -665 -230 561 -49 -412 -605 161 -738 -63 826 -662 18 279 618 507 813 766 -360 938 -289 695 -5 -797 327 416 917 -884 857 -741 -62 150 -156 -75 515 -941 969 -655 309 -99 143 504 479 182 942 -476 412 986 892 -506 784 -995 -910 684 -755 -903 -983 185 551 -549 -903 -948 -309 -638 -230 -855 366 999 -102 -616 -330 -356 -342 -982 57 401 -530 645 -427 
532 -893 -717 349 81 69 -97 -80 304 -185 6 -982 554 923 -532 794 -983 435 420 201 -64 842 -96 -182 -727 617 -446 -812 -196 -194 148 -676 275 -360 650 -871 -978 483 494 880 -525 -877 57 -423 -244 494 859 -903 459 -794 -543 -407 -444 -26 548 -970 419 125 632 -67 -325 -276 -892 -165 798 932 -779 -492 -449 640 -972 129 48 726 69 853 -718 527 255 -91 562 -347 92 -361 829 -153 434 137 863 68 -645 -998 -426 384 439 566 7 869 442 905 
-846 -91 -445 610 -833 -82 376 370 -471 -61 -171 593 177 -176 90 280 450 445 -803 -644 -338 738 225 -199 249 173 -125 -2 326 -170 -316 632 -526 -21 949 -593 217 298 -986 -486 530 -823 211 376 995 -762 114 662 -105 -298 22 -272 -743 836 529 -354 528 -297 53 -206 -547 -296 949 967 739 -530 779 -696 365 17 737 348 -465 -228 162 -797 -286 211 73 -984 -892 -323 707 -244 -411 647 388 218 409 619 -975 -774 -983 624 -639 -572 -373 -344 -107 -90 
571 295 518 166 -557 -233 447 494 926 212 -547 494 -212 -814 225 807 232 -264 418 185 718 133 -822 451 723 -762 416 -942 -855 -250 -581 261 135 310 -610 791 570 667 -84 125 124 375 -868 621 -343 167 -356 -64 -556 -410 872 621 -680 989 812 -442 31 373 532 -923 550 292 256 913 -193 -544 -830 -744 -888 -424 723 701 280 52 -865 27 -514 454 355 -446 -484 38 320 571 716 490 -653 -585 -673 510 689 -610 -258 -903 921 -72 -994 595 133 628 
-735 -890 914 -559 -57 -400 -345 26 -13 -852 -588 -181 749 585 -353 682 792 -550 960 577 635 -974 684 -274 354 448 983 -665 -616 34 756 347 91 257 677 360 -681 -62 208 732 -108 961 840 789 549 -18 336 823 -986 84 -670 -926 -326 642 182 -173 469 -184 -957 340 162 -101 919 -563 -95 -345 837 -295 -130 722 -997 -315 26 160 -895 521 905 992 266 -998 -745 -266 910 -57 912 -498 -111 795 98 766 351 89 587 -330 385 86 104 -385 148 760 
-187 -165 430 39 -465 284 788 -74 -71 463 462 -390 116 733 -615 -869 812 556 -207 -77 780 971 644 -986 -487 -134 328 -640 561 -175 17 451 48 433 351 304 -438 -568 618 418 586 862 -759 -955 892 917 146 189 214 297 -90 -105 590 -759 958 -73 716 512 187 -702 -905 -348 190 715 -889 334 16 -782 -163 779 863 -174 -383 -763 640 -212 508 -265 434 118 146 -473 686 -939 471 -379 -17 628 742 -457 319 -577 225 164 478 356 721 -812 457 -875 
-362 79 -439 582 -195 -39 -873 164 -297 659 -695 -829 -450 149 49 312 525 -579 828 -282 -758 762 746 -14 999 -966 179 -514 912 -431 489 244 -200 -481 -99 929 418 263 -551 -393 -28 139 262 200 129 -496 44 321 31 -586 20 492 215 363 -355 336 319 -372 535 -265 -788 295 -757 656 -158 -290 273 513 -786 788 -806 -851 -544 -353 -470 -296 -220 -748 -994 -414 686 -238 68 29 794 693 622 -51 -389 713 398 -300 -317 84 394 870 -447 779 8 -639 
209 603 -977 433 -732 -654 -451 -423 -148 846 9 -938 -894 -101 202 953 -822 -338 -853 763 -940 44 -415 287 556 472 396 616 -83 -553 -433 -991 164 211 -9 523 -644 524 -795 239 513 -322 -795 396 301 -171 24 -245 -772 -977 41 495 -221 592 490 873 -445 -559 300 -208 -929 372 927 325 -243 660 -660 993 -74 -298 -179 497 -67 -968 -394 495 -334 651 -970 -572 932 774 -888 755 -550 561 580 10 -661 358 201 -147 906 970 -147 229 526 750 551 -598 
