100 100
112 -726 -407 923 483 659 939 -266 815 -581 -218 971 521 -550 -984 374 -956 -167 -237 507 35 -960 -838 -960 -565 -951 399 158 867 -778 883 -1 -223 -808 -364 -901 178 529 432 713 58 0 -425 -586 150 -399 760 507 517 -875 836 59 630 -871 -664 -797 -520 -874 183 -22 100 -842 -697 -677 -733 767 -887 -373 -657 -70 148 -529 185 -166 -652 -496 416 -498 336 -138 900 -702 -523 441 601 -472 -908 73 660 -227 803 -696 925 -947 55 310 736 -975 -741 -24 
-172 579 850 760 524 654 -253 -311 390 420 312 959 521 -694 211 -473 979 -58 674 -737 734 -936 -16 300 316 -105 -801 -983 -392 666 196 131 -330 -150 129 -633 -825 890 627 -368 48 111 -558 -745 225 373 -335 -69 -333 -796 761 -253 35 -440 236 820 371 74 -28 665 259 -719 110 434 917 648 290 691 329 322 998 705 780 -406 813 709 -518 -505 -377 559 -24 714 540 -889 -579 637 883 -391 -286 -200 353 48 981 -334 687 415 -927 -446 -601 151 
-393 -28 191 334 779 -268 -555 -984 210 264 -659 -512 969 -928 578 -962 -872 -297 716 -203 295 -806 -496 -855 423 -246 336 -764 827 335 935 203 -327 441 -569 934 -576 -262 147 103 999 700 797 189 -547 531 -80 423 20 525 775 974 516 -917 -5 -443 -542 652 -994 401 -886 -969 367 -456 -773 -691 -55 229 795 833 621 -36 851 -94 548 734 420 -206 951 -81 -265 848 -283 631 -541 767 67 177 -799 -376 -538 841 245 987 -710 373 -354 688 -26 -115 
846 838 -852 -917 434 -384 -636 542 852 -577 -76 -932 -823 89 -783 859 -112 -154 -653 447 96 -725 673 -257 -634 -192 -44 -873 -224 825 -269 269 -306 387 506 775 527 -505 -487 606 41 755 360 -697 -968 820 928 -797 -955 438 439 -842 -1 -809 470 229 268 368 -32 -658 159 -962 379 701 -344 781 88 836 272 -928 191 120 260 -443 -913 -116 410 -600 322 -295 -562 -249 8 973 -655 579 102 863 339 -306 144 52 -366 809 -569 250 -364 796 -596 509 
-289 -321 -134 -297 977 -68 -742 265 -228 -85 999 841 -376 -957 -553 -202 911 -233 -973 -435 226 -536 446 103 206 875 18 -69 934 -397 490 486 -630 155 894 611 756 196 257 776 168 835 897 625 496 755 -12 757 731 -774 800 492 -544 -113 -589 147 -268 -498 -318 -743 741 -782 234 -884 -791 -412 48 937 -706 -87 -837 748 -679 283 562 757 -548 555 -251 391 795 -665 -732 824 -407 658 -494 -625 136 -927 -689 -698 75 -203 -117 292 -553 209 -623 -331 
-92 743 -249 -68 -93 -816 890 -800 -867 -549 -988 -527 -403 342 -85 291 361 -26 599 807 -749 805 -130 666 -860 -249 549 817 449 324 -499 190 748 -923 -806 -408 -307 414 -769 300 -66 460 -836 709 967 247 233 624 628 -581 -821 -47 597 -597 147 -319 -819 298 -881 554 340 -27 259 172 -848 18 594 -927 345 -855 -976 -91 118 225 -796 117 -706 -466 -450 -628 916 185 -217 313 -11 286 -393 -406 -931 -696 163 -847 -754 755 437 899 -130 -288 321 -925 
233 -518 790 -832 -406 802 715 -527 703 585 490 -322 193 520 610 698 115 160 -663 -330 -177 -936 -807 840 628 371 619 224 106 -450 -603 -366 393 -455 232 12 476 460 447 -910 -273 -930 783 -673 815 -882 653 934 -30 -250 23 467 -866 209 360 51 576 -468 286 -668 321 805 -408 762 -530 -850 210 -611 903 926 -879 -495 846 236 464 947 -369 88 -404 268 532 -139 -375 926 -244 697 -737 509 423 -867 -942 -943 284 -110 0 860 312 -975 522 -442 
-31 -908 342 935 -516 -506 808 -65 314 479 -544 -373 -560 -930 274 453 159 565 -533 828 458 -197 0 -645 -306 -750 -368 557 474 11 -623 659 414 -759 770 -283 -809 787 -145 -935 -106 75 -590 -48 -954 53 -937 -111 42 649 12 324 -155 -233 -521 -73 -681 -5 705 -814 -74 919 288 408 908 -140 464 855 -82 -258 215 -800 -600 -797 844 998 -352 402 826 -689 -775 992 -997 -868 -269 686 -854 -757 -678 69 173 894 -523 -191 207 246 36 -947 920 950 
405 626 139 615 -667 -951 -344 563 -437 239 -538 -331 9 643 -250 -53 -194 -281 219 597 377 -509 -904 -500 186 -428 298 -726 -192 245 832 86 638 -850 -175 579 651 680 -388 148 538 -738 214 -635 -124 943 597 918 235 255 -416 -124 587 -676 115 -467 -626 341 -72 622 503 662 -33 -259 -854 -726 -800 297 819 -888 -693 876 714 370 744 138 -179 288 27 836 33 -524 999 92 -643 993 -798 568 -643 -664 136 656 -653 -266 -595 -333 -625 -96 711 53 
418 84 -648 -749 751 46 570 -886 -242 -772 -250 736 -844 538 590 -598 532 305 -393 190 650 111 -223 275 703 -611 0 995 -867 339 -124 724 -527 630 414 -843 571 683 798 -610 511 576 -773 338 433 891 -67 -304 -75 977 653 694 446 267 -422 -693 -679 657 107 994 -194 -852 -614 539 -839 -365 -970 91 -201 -49 -104 -402 339 -449 955 237 -148 -688 948 -600 517 219 699 -264 406 -370 -434 749 -712 -862 960 365 111 629 347 673 367 -497 179 -631 
-297 -188 -835 187 -174 -304 541 920 228 159 880 -237 609 812 161 970 551 -807 -96 89 -132 -656 939 -635 -105 981 -450 372 -34 52 -910 -20 284 -286 -361 -373 871 -497 -111 -600 -26 439 -738 185 252 894 -163 -249 -509 237 520 647 -159 814 836 -743 -877 851 -742 -636 -646 145 481 845 -739 -649 -81 659 -30 292 91 461 298 -897 185 486 115 269 -101 -775 957 -896 866 923 -602 437 310 584 982 213 -18 -840 -869 888 -774 403 384 -947 468 884 
852 43 450 -298 -782 986 998 -827 -99 -708 -762 -655 371 499 393 748 58 872 893 474 -501 -101 674 648 624 186 487 617 -695 -862 243 -363 -25 -498 707 696 16 713 470 454 -435 -237 -402 -937 896 812 -946 -286 -754 338 -529 877 218 114 817 361 475 760 109 -558 -114 -406 -802 -472 510 -542 903 -984 611 864 -820 743 740 -580 -315 -316 -299 -520 442 848 -622 -492 -894 94 833 157 -487 625 906 918 676 768 167 -308 -491 380 251 375 276 875 
-620 323 -387 -757 513 110 685 -218 836 -729 -460 16 293 -910 926 -795 454 467 276 -767 -269 340 592 -154 -588 27 -121 -106 747 649 828 -943 130 667 728 577 -499 189 -745 130 354 965 -252 67 -151 -544 -112 882 711 459 -883 -756 -940 936 117 638 -563 63 -810 225 -997 -129 -758 379 474 114 -143 294 -965 37 -172 -656 737 4 -110 -896 -555 -337 386 962 475 598 449 -881 147 -241 -599 -668 508 -364 716 21 -333 -120 697 636 708 100 692 779 
98 -452 223 447 718 455 -656 926 -419 -467 -354 -711 -763 -391 -3 -277 775 -269 967 -326 -332 -702 -616 164 -235 855 -794 -931 125 308 -698 -145 -81 -625 -805 897 99 856 806 78 -207 -58 -819 243 -805 888 456 -530 -598 43 459 931 -407 -998 -644 962 -174 452 -257 -330 234 -68 422 -355 -876 351 353 538 336 434 -852 652 953 479 -120 -735 -91 349 606 -776 579 126 -208 -717 -303 147 717 -304 128 693 -380 488 -196 -158 722 -303 -312 -284 969 -726 
-236 -276 761 -755 -85 213 984 429 225 562 -798 801 790 -826 46 -183 -11 484 -460 885 -553 -690 -716 850 -741 -919 687 -91 -759 -318 -48 -181 -538 -593 6 -8 -828 230 49 -899 252 797 831 216 -527 917 28 -934 101 855 -856 519 -154 65 324 846 -144 965 50 -220 758 -330 125 -915 105 559 -240 -728 -782 539 530 -203 798 273 74 -639 701 603 519 768 502 713 -150 -52 -721 -583 -261 -97 282 108 -980 665 -507 -84 73 -844 -40 92 71 -833 
-912 -239 923 992 -331 970 -79 -560 384 228 -716 25 579 -575 996 -968 648 -113 -63 226 -954 -977 -470 -364 885 125 -804 -553 830 -622 684 931 6 371 -38 490 261 303 -675 684 393 -729 155 -439 -135 -231 420 -611 -211 -814 514 684 850 -746 -924 72 -154 496 475 -48 61 -790 222 933 -359 677 70 -41 -393 -790 335 -835 -875 -198 587 -445 -629 743 681 -77 253 535 865 -493 156 -514 734 -702 383 -763 -715 260 767 483 122 267 -956 68 -359 236 
-527 -662 -710 -639 217 309 -754 -736 257 -935 -419 657 166 -723 -610 -805 -786 -641 473 -656 42 -530 -502 533 -786 -809 -777 -155 -526 -957 573 -844 173 610 -770 907 -602 983 -354 -917 906 975 669 -170 786 -159 601 932 -99 552 -422 -40 -16 -20 -981 -189 515 -347 69 652 232 -530 129 672 -189 603 -731 -145 -65 351 -882 448 648 -312 734 -255 500 -340 -152 117 107 571 48 389 -251 -898 634 -720 -731 -586 956 -683 -600 -770 134 -786 -191 -131 543 695 
946 893 -602 -423 -113 277 329 909 -866 843 -298 -756 977 -33 -12 606 871 221 423 -329 -648 -715 -467 -190 651 529 -733 513 -684 -144 738 -82 587 -34 -876 820 -332 137 -388 937 346 847 -635 171 53 -85 914 937 -171 442 711 -717 -19 812 510 97 -984 -607 -118 -839 113 -854 953 269 389 -447 962 992 -597 512 798 129 896 -366 -56 636 901 199 7 799 -783 -568 -554 -159 966 489 -438 -374 722 786 -589 -405 935 947 503 -785 600 -385 -968 225 
-544 728 -900 -682 -552 259 -698 -54 389 12 -785 -156 -58 622 -811 -234 -674 918 -909 -895 37 3 62 -197 860 -785 423 -878 -505 -58 -277 6 23 696 35 -584 -890 -229 578 822 157 -155 -605 929 702 261 159 621 -942 -510 -858 -831 -602 -505 720 955 -461 616 -49 -159 -133 569 306 834 -237 620 -845 -734 985 881 -558 -652 386 518 -716 155 608 282 -362 -860 -314 -766 175 329 -985 -125 677 451 948 354 -922 -681 188 -449 83 557 949 -94 185 245 
334 166 472 -106 869 -518 141 820 86 237 610 637 -705 -284 -135 -844 -357 827 467 581 -384 244 313 -586 -63 827 -507 612 945 -1 -571 44 204 -677 -92 -693 946 -872 194 127 -350 383 -840 53 936 -775 859 -500 876 -908 -343 -58 91 547 425 -107 718 835 674 589 277 -685 -547 -334 207 -601 -943 797 585 438 935 -730 885 73 404 675 -726 277 -760 -878 -308 464 830 -563 668 466 117 -715 149 -773 369 117 459 369 -883 806 630 524 783 134 
883 457 -661 616 560 -254 362 333 609 930 156 178 -177 489 642 853 520 938 -925 -388 199 -815 352 -558 470 849 34 273 -258 -138 752 881 680 -891 373 -985 29 726 419 847 737 -506 -349 873 330 175 -721 145 -106 526 -966 -198 260 -728 -218 -208 -685 -736 584 -393 -632 13 345 -275 312 -723 -824 -747 -179 974 -683 574 -742 -668 524 -730 -796 387 751 166 245 -205 976 262 -28 -962 317 -892 -178 498 -900 -877 -672 1 499 136 -915 951 891 -641 
767 162 -921 637 -392 696 296 711 -385 202 94 -526 -60 -368 -622 -652 -63 -825 -664 465 -40 364 106 -102 911 220 -818 -500 -70 -164 -816 735 613 -259 322 -369 -577 -708 443 648 446 470 -493 999 681 -699 232 -243 -506 -995 993 825 -446 537 436 821 -841 285 889 320 119 449 489 276 -967 -152 -850 832 974 11 435 -971 -1 -496 676 791 -43 -912 -941 -867 -209 792 -539 -154 859 866 -949 -155 824 194 554 -241 -865 -93 104 -204 -432 -920 -151 764 
312 464 -316 -916 -670 864 71 111 -275 112 -356 566 -483 496 -230 456 -533 882 -738 302 -826 -334 755 -719 396 161 998 -437 -23 586 857 -900 -886 466 741 -704 190 489 -913 -713 -486 -587 107 -21 234 -203 -929 -489 -360 390 -337 -102 518 -33 -234 229 814 -497 -184 559 -315 793 873 112 -153 -266 -998 -506 447 -896 -200 529 582 -90 623 -661 -358 750 -476 -911 -668 886 -413 -630 150 207 -821 -471 -793 -539 331 -200 291 805 753 461 904 584 -129 -502 
-789 860 -436 -961 687 -306 179 -216 717 919 416 413 693 -92 -324 512 -207 798 -301 928 239 -911 827 133 -731 396 -328 993 -209 708 -87 -681 -273 179 -482 -542 -919 806 865 140 -484 -641 -99 383 -674 477 402 662 894 -405 919 -952 -664 527 -619 196 -240 -144 -75 988 983 873 -618 -26 -170 827 -12 481 451 965 756 198 -654 -244 -404 292 952 279 -533 54 897 -124 -392 -67 336 319 -135 680 -22 -628 501 736 -754 372 683 -533 -441 -798 107 153 
741 852 -351 175 60 55 -200 280 -815 -358 765 315 978 942 -762 -878 -331 -720 563 157 -322 526 284 -754 504 269 369 761 592 25 -838 855 -470 -240 600 -50 36 -975 -294 677 827 -60 -245 37 472 135 -308 502 -260 -403 -282 679 -718 163 730 -284 -238 -565 -998 372 -495 482 171 -948 251 837 293 248 159 967 -960 -270 -79 400 -905 -663 476 -961 629 -939 -856 -986 18 -824 653 -162 892 -678 783 57 343 -824 963 837 165 -774 229 -270 -513 -330 
-556 538 -956 -474 305 433 258 470 60 -366 -322 575 -81 841 -607 -681 834 -331 -433 -178 -671 -291 -460 -561 -312 -477 -864 -5 156 -342 4 -519 344 926 478 727 139 62 -405 934 154 -454 -581 -49 -223 -471 -480 421 109 969 -758 -939 -379 454 628 437 -377 572 670 776 -836 23 965 -98 667 616 642 -893 -945 -47 -853 399 617 82 665 -631 -674 -905 -44 361 -233 536 -792 -273 915 -86 285 627 923 -632 522 116 64 484 -374 646 -736 121 -883 -674 
53 -811 344 629 962 771 998 -76 -842 -380 875 -712 782 278 -622 -230 -315 417 -459 -172 -645 648 759 -63 654 773 -298 -826 324 -833 -140 -826 445 760 -119 -958 -824 -665 65 -939 -607 802 -102 -124 -987 -784 348 -932 737 471 232 672 -180 703 -766 -593 996 -635 619 -923 619 -185 246 669 -811 222 983 345 628 3 338 839 171 502 -510 -195 -365 391 -894 -755 30 -521 882 875 205 -192 -732 188 746 -267 -248 -385 152 68 936 -153 -282 317 -378 -167 
674 133 -420 27 975 -607 -97 -278 -989 -592 695 -418 301 241 -696 88 9 -624 911 -740 -819 -547 -992 -353 -826 -456 -681 33 -187 721 -714 145 -316 -251 284 -227 -265 -389 320 -514 -774 207 647 820 -4 811 704 -726 -606 753 616 -274 -878 262 88 -126 -63 -981 999 -195 725 165 95 -261 -420 403 174 952 -39 961 290 -398 -10 -780 -8 945 -198 -446 -31 212 -733 -506 266 127 -701 396 -229 586 67 -958 380 945 -495 389 59 -903 -14 -728 -820 -891 
743 -274 340 -912 387 -95 210 -876 -329 330 585 648 323 -167 321 195 90 543 -118 -963 -384 943 912 -427 -402 -263 -944 310 221 -203 838 118 -719 524 -550 -956 -497 -984 -715 192 -329 -273 689 748 408 569 911 486 57 178 65 635 780 -169 -101 392 -426 835 418 -338 -588 703 -539 919 436 569 91 -820 982 -256 813 -222 675 438 913 -121 -14 540 562 288 742 -837 -578 196 -750 938 614 -612 -100 853 198 462 -922 -234 -640 447 -215 -571 -951 -461 
423 -375 -498 -294 647 547 -531 -959 -385 -710 -216 763 -195 550 960 -749 -888 673 837 216 -806 967 -809 489 -699 -941 78 797 -950 -976 -251 265 -208 348 -997 205 707 761 557 247 -978 -631 -914 514 -778 465 564 -878 -746 507 626 -12 -855 817 584 -725 600 277 -647 -62 -598 -794 -739 -198 106 -312 -671 -211 356 -335 421 93 -401 -983 -499 -238 -103 949 -990 -537 967 370 -167 -539 -35 275 396 -628 -556 -706 554 557 -221 529 -609 957 -228 229 -631 46 
790 908 53 902 -264 -817 -568 -51 575 -384 -655 -213 700 542 27 952 -732 532 567 -28 -221 919 190 533 -282 -871 -688 233 -411 -960 720 125 408 150 -854 282 104 617 592 -199 747 -588 -662 287 -631 875 -668 858 -119 234 -395 663 733 -709 881 -938 168 681 453 -276 30 325 -449 173 -75 -125 992 987 -147 556 -433 362 785 -823 22 502 706 870 312 -121 -659 782 428 337 406 -43 776 -364 697 809 640 379 821 238 61 -206 912 -833 -125 -539 
-37 158 -192 -946 -277 -883 203 778 646 -462 696 878 74 617 -224 -729 765 624 -265 -15 -933 -710 978 -530 -485 -698 -332 542 -263 277 138 170 204 -967 952 -474 167 636 -104 29 -65 682 910 947 -979 -818 634 -8 -914 221 -560 -922 383 -809 -636 -970 266 -787 -452 779 747 850 -551 184 -10 -77 -160 -401 -243 -458 -38 -668 -719 364 -33 -950 -577 435 418 282 -431 -256 -843 299 -628 -536 -872 69 808 307 -216 956 -210 341 -922 890 341 -882 -878 -934 
-271 -656 389 -588 -698 844 -91 110 92 -274 -942 -636 848 -431 212 -693 -257 -262 778 466 -174 -238 -193 20 504 -868 -93 -436 108 -902 -671 -343 720 -630 -581 -301 832 -621 202 -436 338 79 -70 599 -419 -481 -106 -940 -676 -840 285 -477 759 612 558 -310 515 -612 788 399 -360 -493 129 -57 360 655 -283 -211 -550 991 569 -936 -133 -812 -18 26 394 -594 -299 -569 -326 -99 636 24 133 -108 -523 -565 742 837 588 987 -669 628 -323 -808 -149 -191 -913 961 
-257 912 -518 393 530 934 791 732 -291 668 -378 -920 -328 703 -832 727 530 -807 777 -508 203 452 884 264 -812 -763 -350 -704 752 625 888 -643 446 -124 -667 -609 656 -988 -315 -637 -405 -708 -704 -859 -495 792 -779 -710 827 376 140 -266 -383 403 898 977 877 650 2 614 423 713 68 603 -680 49 447 92 -100 62 378 85 228 -327 810 -782 -944 701 -529 -279 644 463 -567 343 150 -299 -266 132 -987 163 10 -401 390 781 387 -36 89 879 477 976 
366 -948 331 254 -968 -393 507 49 612 -466 364 -896 -536 -462 -903 -502 952 220 -582 457 67 -282 419 265 -255 -610 -413 67 655 148 385 198 -550 -273 709 -935 706 -487 226 -39 -161 -629 -699 317 535 -726 971 597 945 360 -653 468 461 -59 539 -293 -749 844 438 187 -942 285 -163 492 -492 959 -810 925 538 -62 33 53 -748 -906 97 702 -629 587 -380 -463 568 -273 -9 -346 254 207 -86 -717 897 56 -408 713 426 393 -448 -177 38 743 949 -259 
12 375 272 112 -240 234 400 -959 458 849 -498 282 488 981 112 -885 377 -517 386 690 253 -47 -229 294 -591 276 630 440 -976 -647 -707 -583 753 706 -809 702 -838 -501 -187 530 -598 679 134 245 103 -12 614 469 -763 59 -890 849 -894 -629 -327 -56 -508 516 853 729 555 -196 -324 -734 208 -311 -974 346 27 974 840 -461 9 570 84 -6 855 -730 973 570 925 415 -591 429 125 199 -908 -308 -861 187 -415 174 656 339 923 935 288 620 -654 -343 
-745 264 517 -941 -773 595 380 945 -138 -434 529 -797 -19 -85 -769 810 103 -469 -307 -963 -364 657 722 871 309 857 -438 -10 -451 455 -253 770 -636 -652 117 -944 -856 904 -939 -331 528 -850 451 941 -380 -659 266 -68 501 -686 -599 407 -446 117 861 956 376 49 770 384 195 579 -435 499 531 233 -392 -7 344 -77 -144 -459 295 370 370 -979 -619 -21 945 132 -285 629 -93 16 -707 200 480 130 -302 84 -477 852 -266 -422 -849 -21 373 578 234 338 
721 -649 708 196 -586 754 381 -831 476 439 425 691 300 649 882 444 969 -725 704 -502 -801 -310 -142 686 954 276 -388 -690 -630 200 355 -808 794 326 538 -918 -504 278 402 477 -66 -53 -880 -274 -991 556 -904 8 -65 536 -27 374 -78 -861 -126 -36 705 -936 -961 -486 667 -158 86 699 450 -249 -608 346 41 -440 -381 406 -52 644 822 869 -877 -160 797 387 713 330 506 606 932 -898 771 380 259 79 755 310 -713 -79 -435 -424 -993 -584 -826 -835 
-59 -429 -984 237 -363 650 123 -917 -786 213 818 -378 47 -103 337 -201 -313 676 -923 140 720 -723 183 -65 -406 -178 -197 -400 -290 -255 105 632 242 672 -1 -473 -987 -577 -752 -278 856 287 -810 -955 891 146 226 -421 27 503 -769 342 316 -511 -226 -163 44 -380 -89 -141 -152 953 876 27 59 -436 -234 773 520 -837 915 -824 399 553 545 -972 65 -220 573 -858 -35 967 -594 191 -548 -192 30 23 635 994 -417 -694 124 -723 -320 -539 -104 333 194 223 
-974 454 338 -43 -8 135 816 88 447 -642 -881 -233 -714 836 224 901 -310 -618 227 776 -638 354 -576 -985 -21 557 998 458 292 214 402 -121 -199 601 -104 -694 580 534 -56 -539 -185 619 445 818 530 572 800 795 -212 791 379 131 297 542 437 -803 597 -375 -526 789 824 -571 -887 -284 13 267 -477 964 -147 -576 263 -853 423 -548 555 469 281 106 608 423 -778 893 528 -897 405 121 -878 420 561 -699 880 -611 -619 271 970 -871 111 -691 267 949 
-175 325 -627 110 460 -142 -9 -741 -510 208 -954 756 -993 -606 -629 62 906 302 199 501 -59 428 525 857 99 57 296 15 344 -54 -273 -569 684 -55 -986 642 -901 239 -254 -568 521 -997 365 -881 -221 247 -857 -591 -660 526 -622 641 927 -534 449 318 -307 857 -827 236 -86 702 628 -727 513 649 466 739 -75 439 -488 -175 515 288 248 693 798 -356 845 -587 -890 -397 9 348 -221 568 502 942 -192 -868 989 -354 -459 638 531 439 -831 -933 -889 -520 
-734 116 -845 -827 -528 -91 -726 -390 -89 -414 528 -360 365 554 -121 231 -699 -674 -855 309 -969 -119 907 950 -593 678 -849 -666 -234 63 -920 -988 125 -124 -711 782 324 193 -668 -363 598 -70 185 -539 720 -554 543 -710 261 -63 31 -832 457 780 62 749 -802 -331 691 -66 144 861 966 756 -825 -842 338 -414 -511 -786 -210 -603 243 284 -687 67 -684 -88 28 418 12 836 351 534 -637 -383 -701 -678 -873 -668 -791 574 -566 632 311 200 51 166 -767 -157 
669 -604 -70 -560 -51 172 119 -313 -522 19 495 -250 -243 -398 -779 951 -530 728 -644 561 876 -44 -170 -104 -613 310 623 -718 -912 791 -861 -903 751 -53 -758 656 444 738 -729 937 -129 279 549 -127 -454 330 342 -760 -902 -149 -264 227 658 -388 -980 664 -961 -624 -17 -772 796 348 -467 931 44 914 912 795 -303 198 -61 161 -913 88 76 -48 -957 913 -246 -643 998 -79 523 -974 306 718 -393 439 -444 -68 -261 -165 653 624 -401 308 12 20 -467 -840 
385 202 858 -959 -81 95 -784 107 424 -929 -919 278 207 822 -39 137 148 124 158 -22 -365 920 73 565 126 663 467 45 707 -146 981 393 -205 24 -891 405 643 564 -178 -236 518 943 25 622 710 465 -753 217 -116 882 -306 347 -66 889 48 -493 761 793 838 606 -111 -263 -10 -567 880 -555 -166 690 836 822 -833 881 940 -428 -501 -992 228 873 -391 -672 122 18 -190 -970 734 579 252 -650 -867 409 -954 -991 888 -635 239 -736 852 -579 -807 -640 
734 293 822 824 -494 646 -588 -32 -609 135 -538 305 172 509 -789 -403 -791 -683 502 -904 956 444 231 -468 407 -215 247 -532 206 -533 -634 653 -115 -612 -235 -684 941 473 -915 629 886 483 -773 -718 -680 874 67 -698 -923 -904 176 753 -296 263 -803 -898 379 -13 -244 -684 -292 490 -443 674 266 244 -906 -332 -5 -752 -656 -614 547 81 914 97 -289 -236 339 43 408 -653 -407 -217 521 -454 865 718 281 755 730 -127 -612 -639 645 199 -167 -751 -241 184 
-476 -883 676 586 409 -922 955 -537 -583 481 -526 837 849 509 545 667 -377 953 652 -97 328 -237 -429 892 -912 -375 -421 510 24 568 590 889 35 35 -564 -938 -90 -257 124 -527 -407 110 -559 -774 -993 579 -554 -298 956 -811 84 -532 -128 363 -15 262 -88 78 523 -925 -882 357 249 -300 -151 324 2 -991 -446 816 639 339 -868 -272 -293 838 -120 -907 3 -895 -898 -94 968 -853 -625 -845 683 265 761 534 240 899 -358 -179 -220 -303 -157 407 517 -570 
83 34 160 -198 998 136 247 548 -759 778 253 -457 658 -695 643 63 -616 354 -263 213 48 -696 -226 -33 559 575 -121 761 -886 -458 -825 -655 -616 849 -576 -201 240 46 -96 -726 548 -505 710 659 -791 43 -291 952 -866 -923 -480 492 538 -566 662 974 635 -428 938 -295 818 -891 135 164 525 -700 472 479 848 -526 -463 712 47 -877 955 -590 111 607 -949 892 31 784 -95 -177 568 -99 277 961 725 439 -386 -227 884 822 -896 784 -941 -509 -857 -814 
315 924 -311 403 -495 -869 662 37 -292 -434 159 -780 -810 777 744 -773 559 911 -999 -630 910 511 331 -798 -983 -319 -224 -34 -42 93 -940 90 481 -577 499 -712 -554 407 -199 -608 -735 350 423 685 -590 428 -739 886 -892 718 -589 -790 772 -23 333 -943 826 847 -814 241 141 264 594 865 -857 -909 -13 233 -53 139 -298 -439 308 -969 255 376 -772 -994 405 -477 -298 -66 -29 339 -910 309 -952 440 -356 -952 210 -134 -529 591 758 -262 437 -629 842 -557 
111 -129 -496 299 -94 827 249 600 -777 490 -931 -596 381 -341 837 968 -610 -403 85 425 830 80 940 -901 775 246 860 647 152 -682 -163 852 185 314 981 -282 -409 534 195 -924 708 220 -270 -322 973 794 781 362 743 74 5 -42 -904 -242 -944 938 448 -215 -216 -477 -120 -812 211 -227 859 148 437 -561 -550 868 200 -793 508 149 614 351 -837 -767 -316 316 -197 -212 725 -440 433 -489 569 53 -198 -705 -592 639 -981 -757 -707 693 47 464 213 -884 
850 341 -133 742 375 -20 -794 553 -399 832 194 69 -601 588 -257 -254 -83 46 847 -870 715 -739 -13 945 -60 -886 -354 -849 594 115 -782 700 -476 -153 675 183 -149 573 962 -92 38 -543 -573 -991 -17 -348 -778 782 420 -470 -731 -897 739 823 870 -151 -986 523 -79 -413 -60 587 -829 -886 -865 -852 -885 -68 92 470 907 -748 857 -177 -612 -99 -946 -922 -12 -900 -270 603 943 -702 -914 69 365 -916 452 -703 546 -690 371 694 -567 888 -65 -41 821 881 
834 91 246 327 194 682 -269 83 849 -504 -666 -529 -277 808 886 788 825 -236 217 783 752 -821 465 -793 521 -942 -378 -778 144 991 531 -977 12 303 470 556 -105 742 689 668 -935 861 -812 -762 -518 -316 -216 -287 910 312 445 398 318 -207 201 -392 -220 -873 81 285 813 512 -804 64 -171 -447 -980 771 -294 -645 990 929 487 -100 -473 185 -120 -209 -158 -984 -72 664 -315 -268 368 223 -10 -763 -658 71 -583 132 -175 -800 -990 2 -50 746 -822 -822 
526 859 -735 411 -343 225 99 694 -79 445 60 -507 981 231 -111 628 -441 254 -245 -280 -640 503 -642 221 -456 -932 828 -675 -783 307 -506 -450 332 -36 669 899 -787 -596 -101 797 801 -799 516 311 -359 -870 -408 -776 59 -707 456 306 1 -476 -355 580 978 808 696 -784 628 444 -700 413 68 -760 -26 -838 -397 -913 -899 -772 531 163 446 -871 833 -445 -693 870 202 -367 736 -40 -696 -890 541 -683 882 -448 992 941 467 449 476 -996 -162 580 -149 172 
-16 63 -894 551 929 -545 861 434 -681 719 982 -244 292 36 147 -377 399 -706 -77 523 603 -794 -197 854 -890 -871 -880 589 373 -760 367 187 105 -421 -685 -940 -184 111 664 -170 -866 -363 -583 -492 755 -515 286 93 477 59 323 973 -640 267 -513 825 742 -913 359 -375 133 -902 160 127 783 -770 564 -393 -800 702 732 438 -81 748 -352 -546 -815 763 562 -866 -523 -936 580 -518 -937 406 -194 783 932 340 -57 660 731 626 325 479 -723 476 -350 419 
676 499 -802 832 932 -18 -723 -719 402 268 443 76 449 389 -681 -458 953 937 -92 -544 -439 242 -104 -577 -331 -907 822 229 -917 891 -30 -15 889 -63 110 -257 -52 594 765 -954 -116 506 484 -829 600 590 -513 474 155 923 -727 -988 50 -767 -562 -218 71 -174 733 -562 662 320 -886 -442 -682 487 -944 -519 -18 147 -365 -918 450 800 404 945 -23 904 832 -912 -641 -691 -980 500 -38 -422 -605 580 -461 193 -87 494 980 -65 -89 -829 476 839 292 705 
123 937 211 -926 -598 950 -630 136 767 -959 351 -732 -474 676 -795 178 -731 -742 -252 623 759 -714 -810 -698 653 -550 827 -237 -309 797 516 946 87 -712 -237 303 749 -705 -10 665 745 -496 -545 -380 679 428 714 815 638 671 -964 543 -214 253 -766 960 427 968 -772 -851 41 -502 8 743 -755 -250 -168 503 -837 700 265 -538 -702 -968 -318 630 58 2 -563 494 -706 196 -541 -974 954 721 -708 768 797 -364 -52 -476 300 -895 -370 -366 318 -404 656 534 
276 614 350 -705 553 245 675 -834 163 -674 945 163 -312 -945 -649 478 905 377 237 26 372 730 -418 281 -705 -688 998 -158 768 -270 348 -688 485 958 793 363 -156 249 -691 701 273 973 -914 -790 361 -301 796 963 -312 321 110 -117 429 -633 -7 550 -191 996 -935 266 -825 -595 -40 -843 -269 -969 -787 -815 5 -828 495 -462 -569 -60 548 -199 -45 198 -615 918 -674 156 532 -446 328 800 -251 163 791 -169 -814 480 -629 -550 207 734 478 -29 -509 539 
226 95 778 -247 325 -184 814 -61 230 809 -692 -823 241 -848 233 -469 -689 762 -460 -700 -880 -847 -508 315 63 659 -742 221 414 -564 839 152 734 -912 -226 -425 -671 365 394 -966 -399 -927 546 -457 -776 724 733 244 687 -701 -690 -727 -241 -161 -774 -386 155 208 -121 -16 -455 834 847 256 668 -293 -53 -334 -75 -596 -824 -925 245 842 955 967 697 -655 353 454 -504 137 874 -760 587 445 -898 553 -677 584 670 -64 -347 -44 511 -352 465 628 -477 -315 
-653 -115 237 929 626 -426 -101 -347 -915 421 -751 -908 -893 -134 637 958 -466 -24 -328 -75 610 901 -656 -643 502 28 18 393 -831 981 -886 862 -257 -119 67 481 -372 -175 348 189 -23 879 500 842 -119 501 -373 137 609 310 548 -649 659 -523 223 -990 -246 -891 -978 -816 -226 147 822 780 142 981 -844 -905 531 -873 612 691 -643 800 985 99 -508 -982 63 -700 819 -775 186 -153 -155 -459 794 390 908 -793 -96 -657 -763 749 -410 -912 -285 -710 816 299 
725 734 -10 -370 182 770 -748 367 298 525 -772 904 34 -858 -647 579 -73 -519 -130 -382 672 -901 474 -6 551 490 716 -397 -711 -374 951 -523 968 6 -123 -627 250 -197 -599 469 449 -896 -570 -111 -525 -818 659 232 -823 -842 556 -242 383 -591 -168 -533 981 -61 979 -602 230 -519 -120 141 591 -490 -109 -340 -670 900 -99 399 -167 670 -338 -841 522 -488 -97 -133 720 -895 548 -477 830 -695 -587 869 -949 972 700 504 -52 -175 -295 586 781 199 248 -184 
219 144 -604 -213 856 -831 871 534 933 -723 255 -464 -18 -153 -888 -773 -940 599 363 993 410 533 -856 -759 670 -968 -81 533 -866 -78 635 -420 -722 -888 835 -41 -81 539 -804 -401 -281 -26 842 -732 764 385 -12 -980 -38 -225 787 357 452 -55 43 959 264 -483 -924 918 -523 -893 189 -972 -610 790 -335 -755 481 -196 -510 77 926 -504 616 782 -2 -151 559 -90 -88 167 -999 -550 347 -145 653 -11 -78 252 48 -719 -299 664 -717 -852 446 150 -958 831 
-429 -645 634 357 886 -525 266 693 -87 994 510 -302 -549 -112 -641 223 -339 585 119 154 -951 -69 -331 657 -660 481 -896 596 -520 774 -40 -672 998 -864 -335 -908 -835 474 -474 -39 96 64 -605 -145 -472 455 842 468 -176 -299 562 737 -765 706 -899 -44 392 802 -195 -574 -815 -507 -144 -846 575 -102 504 361 919 532 792 739 114 -949 -733 -649 280 -630 962 437 746 195 105 -277 -353 -898 -78 243 558 -844 281 -787 306 -391 557 955 -280 -126 -525 -857 
410 543 -120 -92 -263 219 914 756 856 -86 -815 -730 78 -892 496 492 422 -564 809 -2 670 -784 31 -368 -924 848 820 -597 -311 -702 793 -197 977 -755 -122 -851 835 673 875 727 233 -972 -128 654 562 -24 269 342 -542 771 -923 -629 700 -771 -926 832 -989 -919 -638 -134 -983 -562 -329 -262 -384 311 759 147 252 -861 -165 -814 -166 -497 -615 918 -438 -51 486 -706 379 -484 -249 816 -114 821 807 710 -796 -799 400 254 -193 -93 889 -213 836 -634 -824 -240 
-603 -346 -262 -62 700 345 -363 -385 -472 -254 714 -821 783 251 684 -156 340 -686 907 590 167 -411 225 869 395 765 390 624 645 359 -984 -665 -733 697 283 -147 -701 228 487 899 -924 993 -198 -141 -915 961 -868 84 401 925 -276 155 -839 769 611 193 370 -612 -497 -826 996 874 403 -326 -932 639 -337 -278 -243 678 -791 -661 92 -882 958 668 -750 795 -212 -797 -355 979 -390 830 -93 -479 -613 -192 984 17 531 -250 -420 287 909 -611 -447 -270 280 -783 
-210 -104 138 -643 -288 -999 165 -433 867 -136 630 822 522 -703 984 979 546 -793 753 -683 -93 -639 -284 282 -491 585 83 -205 -258 -154 272 -494 -662 -753 614 -892 905 254 -686 118 -507 -779 -141 987 372 -160 -28 -956 -169 -889 -225 -408 -99 43 302 -468 663 181 -681 -558 -949 228 -918 -842 99 -774 954 209 38 -631 -336 826 -958 430 -326 382 -6 -336 195 398 399 -383 208 856 437 697 36 130 -757 966 123 -819 572 972 963 -202 408 990 -287 -122 
497 -330 -766 -456 -809 -985 897 -340 -71 -947 401 472 -794 -410 344 658 265 -181 269 766 -410 -586 959 -916 -380 -221 890 90 -325 859 275 510 -657 -871 182 -224 949 991 242 -253 203 740 -79 -645 143 777 -783 -843 25 193 -321 851 523 -725 -939 718 -545 159 -874 289 -181 121 -7 69 -199 -379 -74 892 89 -279 317 878 618 -910 -818 829 -913 412 -38 643 648 988 776 -969 -494 406 299 690 359 696 -854 -780 -634 -161 -506 -186 -502 -795 -656 -679 
-156 873 102 -211 -306 94 688 -104 633 682 575 647 -80 950 -826 -70 -977 -890 941 -771 932 556 578 -710 -450 -281 -224 -620 852 836 152 48 122 257 -765 -561 -108 -114 -128 -654 -136 591 926 -11 478 -974 -213 -849 380 281 807 -90 341 -316 303 352 814 -96 -789 605 526 -978 -406 -874 -713 2 -181 616 -308 -924 643 -559 364 450 -278 337 -602 -967 157 -656 -957 -590 -100 925 514 -717 552 -964 292 890 974 728 338 794 769 -273 160 931 -861 -306 
34 136 -257 272 858 583 -708 841 35 581 475 -30 435 619 448 -281 -550 -186 876 880 -597 893 -471 69 -18 -92 93 488 22 -844 -912 -302 -315 -214 661 474 -73 -797 -574 351 392 -487 -645 -148 394 371 -768 305 -711 187 407 -286 375 517 499 237 -452 -332 557 149 578 344 -923 -329 538 385 -61 317 123 23 -221 454 469 -690 195 714 -365 -2 -348 -874 -528 953 -780 -975 70 881 -731 -746 -298 -9 -654 423 -154 -549 -544 822 763 678 -128 686 
164 321 528 -505 -645 -258 284 -982 -964 568 102 107 -175 -983 959 -820 -244 134 723 29 410 -617 -680 372 -125 -361 -925 495 -211 -135 121 -583 -795 940 601 222 -822 -375 -606 -483 -564 675 -683 439 -410 -271 957 -291 477 379 -179 858 -317 -522 769 -415 280 -852 -59 -917 -651 389 180 -890 113 97 25 -674 -7 -135 -834 927 -276 -201 -486 -429 -779 -56 979 118 -428 351 962 539 -77 515 -567 50 -972 745 -377 -904 -123 -36 980 -765 383 410 553 284 
-925 316 400 638 -792 -818 53 642 -524 -945 -339 198 -797 41 196 875 -485 -882 833 752 767 -6 -33 298 240 -358 -310 -922 778 -181 -220 -933 -495 41 -929 -962 19 64 -158 -569 498 661 -498 -79 364 -33 -159 -533 757 410 465 -987 -264 947 -80 -743 -456 632 -447 83 -80 -180 -308 562 616 788 729 -428 -760 -376 330 -460 804 -863 324 111 -38 -523 86 -280 -729 465 -614 -574 -535 -629 -997 401 -348 -821 -326 930 209 663 -469 766 -641 -839 -197 -778 
-504 -150 442 -439 338 -885 966 -60 203 500 -756 293 340 -963 -572 836 -678 214 -149 693 -180 75 843 722 -158 363 -521 -361 -520 -220 993 -204 -589 -191 426 795 170 -563 -256 905 -250 -131 550 -797 -874 -104 -61 -51 -619 856 -756 -81 -664 658 -236 139 334 115 190 109 -412 -258 727 -727 -408 694 -441 -567 977 754 707 -846 -2 25 757 369 111 489 -609 -988 26 744 765 372 -988 757 758 202 524 -894 615 -254 -766 78 -764 689 448 283 -966 625 
250 24 -235 263 712 467 82 293 -768 -846 -235 -994 472 354 -325 24 -766 -361 226 -596 -163 -827 123 -562 -589 -983 -786 47 -511 -80 -687 -12 765 -667 750 976 376 572 -54 17 -45 -690 -522 -81 -930 111 -836 -903 820 404 -316 -970 25 935 919 -415 636 907 194 676 765 -529 971 122 -24 -490 341 -495 -141 -67 -713 -533 157 347 -33 636 -68 -415 -168 292 -744 862 -813 589 341 47 -765 -454 -864 -254 92 -873 299 -414 -24 -513 -972 -888 -850 -477 
-455 -837 -986 -650 41 403 389 -812 204 -345 -785 808 833 854 -108 3 910 811 429 -508 385 -43 898 875 391 40 79 742 -277 -538 -423 -148 -289 202 59 107 -276 282 -306 -164 72 -673 429 802 93 246 1 -183 -452 22 -134 -839 -343 559 -398 -319 -804 -460 610 456 -342 432 -433 404 943 179 -618 -932 -882 -210 -378 85 723 280 992 679 -323 777 -6 210 673 -875 509 -838 188 -389 79 -841 986 -279 358 -215 796 283 -710 879 35 597 53 -409 
-142 624 317 -234 902 264 778 724 77 -432 405 -321 349 -728 216 -536 355 -463 325 -738 -38 -48 -799 271 -94 489 -773 413 878 629 -240 67 -401 -647 178 -572 594 -792 853 -890 -506 839 -808 454 816 -585 566 -801 866 329 -738 475 424 -860 524 -489 957 -916 -838 646 -763 514 994 -363 -786 901 -216 785 -424 -50 -136 -585 245 -155 -662 638 588 849 -446 975 389 426 996 474 -186 197 312 694 911 265 590 -325 431 919 778 12 869 864 -911 -22 
709 339 365 -906 129 846 368 727 132 573 -803 -613 448 28 -594 -739 280 -490 -260 446 -775 -670 90 -530 -556 326 597 -773 357 -960 590 -53 20 535 866 778 -819 495 -88 830 466 516 372 534 -810 773 -384 458 -362 -376 561 627 -196 -393 -824 247 623 -808 -439 -665 -917 -122 -916 49 4 -590 854 95 -20 39 -621 -788 592 55 935 192 2 762 -715 -726 -335 -741 457 783 -227 -760 -494 875 -353 -160 -536 -402 565 387 -556 -238 -181 -188 800 -759 
585 137 -969 -598 -564 -108 553 -829 -410 -250 800 -467 906 -290 -559 87 63 -663 402 -509 -717 513 447 -402 837 -407 933 14 -427 -388 296 -447 673 -654 -21 -45 -375 204 -8 -90 18 -945 -410 -135 860 -928 -811 -291 -345 498 640 987 -328 766 105 151 -304 -416 -142 326 -408 53 566 163 296 259 113 968 -974 -905 46 -966 774 226 -562 722 -462 -922 44 578 145 461 -874 -212 963 412 -495 228 -930 -873 -279 -733 -968 409 300 -903 131 420 753 925 
725 933 944 -886 -123 -576 680 588 -914 -451 949 -700 55 -612 -199 -596 331 945 -675 -743 -390 524 -109 137 -261 138 358 532 -732 -142 -707 -253 -1 -75 279 486 -789 -942 797 954 -317 -757 819 282 -145 580 -851 55 -164 601 363 586 720 -455 701 -705 288 -906 58 818 951 -573 -197 -10 -583 -297 -496 238 436 -849 -513 -236 406 586 138 744 254 698 330 491 -173 516 -116 -731 -569 820 -785 -207 699 -992 -619 -572 21 -980 -119 104 612 369 -9 608 
586 -218 -200 775 -179 76 316 -239 309 -761 -834 -143 -356 -418 341 -871 406 -388 614 733 91 -198 215 748 399 198 916 -2 -296 -592 -727 720 -416 -759 36 -727 -939 -153 751 458 157 -959 -786 -236 419 -406 480 -35 -739 595 -723 693 -994 193 618 592 304 -773 242 -869 -432 -218 95 595 -39 549 -396 -529 442 158 324 -986 -122 -853 -326 -293 -959 823 906 -950 -443 385 -172 -423 -798 257 384 -10 -514 -680 41 233 -548 166 170 -389 -676 -287 897 -293 
-366 24 -766 -664 -736 -497 5 929 -29 751 -33 995 28 545 -618 79 598 -957 -627 759 -154 872 866 392 567 -584 -854 -247 -828 -996 635 -825 40 -648 877 -259 464 441 882 408 -880 215 919 -418 897 -872 -297 875 487 -657 10 438 -475 461 882 797 -956 981 -685 650 151 86 -509 430 340 806 600 -635 201 929 -117 -885 -878 146 303 87 -622 -895 155 -899 -205 135 -149 -602 -650 -392 828 -748 -716 -945 20 -176 -180 960 292 170 88 -298 188 837 
-747 122 -717 639 940 -412 701 284 426 -23 -297 195 -862 -50 124 696 -495 -812 399 -571 -628 811 -153 -77 401 -115 -149 419 698 -72 968 778 900 -400 840 -581 661 -649 899 177 899 137 -401 -485 -440 448 -811 -902 -669 -918 -644 -236 -608 508 13 -932 -18 996 903 -192 576 -204 -858 564 -628 169 844 112 692 647 312 -26 -479 -974 -686 -574 554 958 716 -89 -838 -278 700 -472 773 137 -647 191 72 465 174 674 -393 -52 -363 535 -869 -141 -168 958 
99 272 -75 249 -878 -520 584 8 -275 -690 -399 -438 -153 -634 -935 -876 -520 170 291 -221 801 515 -339 292 417 -119 -92 -758 -927 81 795 -77 -39 51 -128 52 288 96 -562 329 667 313 820 -383 41 110 383 561 170 -714 -946 -219 7 143 -478 416 -441 599 -117 -469 629 879 -555 446 49 103 -988 -177 -700 -892 -163 784 573 107 -830 -214 158 140 -839 324 -858 806 -4 -78 -607 -917 -557 328 -495 570 234 610 -346 640 288 -247 396 -274 -513 674 
-799 -453 -83 -635 365 448 565 260 147 837 -808 576 -314 193 -707 -77 168 755 -40 -600 -722 856 -25 -30 -187 900 -542 46 802 -430 -927 762 -991 420 670 -805 410 902 765 -156 17 -130 -366 860 -961 670 926 -997 -301 910 -435 437 155 457 410 -400 884 -362 853 485 244 320 -343 983 579 -70 416 660 -888 192 174 -52 95 627 -352 -472 110 859 580 261 -942 -526 20 389 -924 958 979 990 -425 269 -450 161 552 398 642 596 -91 -950 -135 952 
221 107 -9 266 347 811 550 -694 25 360 101 -235 -522 -25 -511 505 -484 -989 920 -93 281 585 813 -416 -461 522 167 950 -708 585 -374 -379 -757 465 658 815 39 175 109 898 406 -953 816 -224 649 129 954 -462 240 677 -870 -247 -775 338 -458 -529 -305 -721 -490 245 266 -237 197 673 -197 -54 -130 784 738 -127 -474 -125 701 954 -379 -191 983 -794 -129 754 846 54 88 -416 -645 -911 -959 -320 -964 -930 619 214 -1 -145 715 501 -335 796 -921 -815 
-341 -649 955 989 -434 -629 -203 413 743 -531 -305 -805 786 -309 -146 960 -574 -592 -540 317 664 -864 -569 -684 772 -566 279 201 -145 -541 -304 691 -137 512 474 821 776 861 733 832 23 644 376 676 -493 803 -119 873 -377 233 -671 -190 -836 975 -957 -739 64 184 480 571 393 -315 -234 829 -995 66 299 651 -791 -144 -4 958 160 997 -662 -544 -254 655 -630 653 116 -500 -122 -671 500 -518 -777 -543 -241 734 927 -441 -193 -295 982 -753 -595 -860 686 806 
-88 99 -652 -392 820 -854 -756 479 139 -734 -430 89 -241 750 -377 334 790 -149 -22 29 385 -461 816 -39 58 -764 -855 -875 534 434 -440 -496 -381 -447 -86 287 654 -768 770 574 -636 152 966 641 357 -53 -156 429 923 -629 54 323 -875 280 98 -75 122 -174 62 -13 813 898 -176 976 -897 -511 205 89 625 453 593 -300 -218 317 -462 819 -779 375 -631 341 456 460 -890 984 100 871 73 511 -687 567 766 -31 89 -427 579 -240 11 -663 207 -278 
-326 984 -197 712 -877 -944 201 -158 -569 684 178 -651 620 -802 415 961 -854 -716 29 630 903 -204 117 -798 332 454 841 946 0 453 737 -718 -476 -960 790 -946 386 698 880 -131 -616 968 827 -924 -302 -684 101 458 10 -535 822 -293 -362 465 -655 -261 78 661 645 82 -860 444 -478 122 -676 -98 747 216 -649 -643 545 -437 413 -804 -616 -491 -715 -974 -811 -65 220 316 777 -151 -480 -212 128 -707 372 517 -542 -958 -502 546 45 -46 -572 310 967 686 
-289 -264 -680 983 624 -686 -443 -345 505 -436 -515 891 -335 863 873 169 -928 779 939 583 592 573 264 -182 256 -958 359 579 915 -915 -377 87 -608 335 127 -160 320 200 494 696 818 225 210 4 -661 -559 -161 -984 -186 -514 18 -970 -395 982 712 -872 45 -546 -758 902 298 -708 -22 -2 -802 252 -861 876 1 600 377 -445 821 -680 -171 -391 796 -215 195 -544 221 380 49 -617 859 182 -134 315 286 -674 521 -99 -409 883 317 211 497 -794 181 754 
35 -321 559 -332 203 -615 -490 674 -942 638 -300 -525 391 566 386 916 -959 -650 -566 -326 -986 371 -385 -35 861 86 -372 854 324 -334 -280 -906 -28 834 991 955 -653 -256 38 -6 748 -444 -433 -927 428 884 669 641 -354 275 -571 449 -998 -196 -667 634 -594 496 293 259 145 -399 225 -13 -638 -829 761 8 -445 -531 -314 -259 -243 240 663 988 -489 -847 -673 -900 671 975 -975 599 871 726 35 797 -967 530 -310 -238 641 -2 -704 588 -437 -720 545 95 
321 -919 -946 -414 21 -984 340 -520 831 -568 596 -674 -927 -692 -163 616 258 -596 -300 626 496 872 760 -81 -135 847 47 433 984 316 273 641 86 477 467 88 558 912 279 126 608 590 943 581 -642 -142 788 56 -768 206 329 350 413 -701 118 -737 -232 393 368 -901 195 926 -323 -619 165 841 -535 867 -201 917 -270 -718 -135 277 -708 -222 -262 -479 -246 656 614 806 553 345 -583 -37 -853 -13 -407 824 154 -370 0 139 -732 -166 -323 46 155 -666 
-688 394 -400 459 184 -394 916 774 784 -185 963 -52 0 975 142 662 -402 -183 33 -93 832 943 -341 -396 -756 -286 -239 882 998 850 357 440 -911 152 711 -822 -281 -430 41 772 953 -207 746 663 -688 -863 -71 66 -386 -113 -510 617 539 -303 711 771 -563 822 15 -320 -758 808 636 565 -313 -896 -989 552 -41 462 -778 222 432 884 537 -182 95 -85 -383 863 977 418 326 -236 -881 717 84 -735 -288 -743 546 -440 840 -239 -870 608 -843 -55 -855 -485 
702 859 201 -64 -106 -479 312 -513 -372 852 -157 -813 290 862 -327 -247 -378 229 431 934 731 83 -364 -129 -425 -918 22 195 129 781 621 -47 -176 -170 -858 -137 786 734 565 -139 -169 9 -845 -773 -536 939 795 -238 -160 120 -506 -710 988 -768 -148 93 -234 183 -287 -45 598 934 579 -910 468 978 104 -859 897 86 29 739 930 -581 893 968 687 -353 966 387 72 -923 933 606 676 -954 -859 -421 -226 5 836 6 -576 -736 -423 -308 -357 89 616 356 
-541 261 70 958 174 -671 465 572 -450 -771 -535 171 144 -123 296 800 -105 -210 -976 253 -245 -353 -39 -453 635 511 -2 -554 136 482 -609 -724 454 958 -991 253 63 13 -836 964 606 191 -865 756 -189 -43 557 -851 -868 832 467 -385 -842 144 -239 -481 -595 504 -476 -344 323 557 -295 472 -287 707 175 159 507 -816 -362 -661 -148 417 394 -349 -100 -584 -935 -363 -645 -613 226 -788 45 -84 -380 350 -978 -377 -71 -584 893 285 -134 231 53 774 403 -716 
-224 -70 358 251 -556 810 730 -244 -335 158 716 57 434 -422 -289 -238 668 -613 556 -967 541 -809 188 27 550 59 -909 -57 -903 -732 810 236 729 -309 872 490 150 -533 -810 420 -817 703 550 183 -994 176 121 985 -380 -197 254 -628 -278 -94 -147 -211 -72 121 382 -632 677 -521 -39 -146 3 925 721 760 459 -692 -524 591 -502 58 -513 810 -592 93 344 975 -54 -79 939 342 283 -607 353 693 -376 610 -553 -8 976 -889 -891 -307 0 86 858 143 
-2 -949 -939 -483 813 -607 -235 -940 163 304 128 -607 511 238 -886 -779 34 464 -93 538 -134 -403 -362 -73 136 -636 297 73 308 264 902 -260 149 -285 -598 721 -192 403 244 994 550 98 -534 354 196 -925 45 -595 -305 321 255 -850 701 574 -531 668 284 -331 82 396 307 234 807 -980 -693 814 811 -658 -462 322 763 -652 140 -392 937 -389 -347 -713 -347 282 509 213 -636 -300 654 -859 585 841 31 -773 -12 567 -743 888 313 584 578 -313 337 -757 
497 248 503 939 33 -820 -775 -786 463 -913 -884 -189 850 780 -36 547 417 970 -589 682 -262 563 936 -245 -136 -256 -321 311 653 -677 973 -52 528 967 -870 131 837 -75 202 414 964 909 -897 -135 -990 765 -222 469 368 676 -151 630 370 -772 421 607 -430 143 -473 664 383 -478 -818 207 -156 -396 -186 -7 -992 -30 548 -229 -386 -600 -103 -228 -650 -26 28 994 -107 213 -665 334 65 711 -243 -941 -615 524 -876 -36 842 -777 474 -753 413 788 -524 756 
190 -823 52 377 366 603 -132 -68 158 -801 219 -692 -959 -291 -199 674 -627 -639 585 -189 -864 -302 -939 353 -778 900 207 -147 -13 294 -311 838 818 325 586 999 407 50 729 691 -744 -156 309 -214 -422 894 -876 -219 868 299 -197 -87 -37 54 680 -44 596 0 729 -893 211 -249 605 466 -896 326 -88 -444 350 205 -571 776 477 -628 992 765 -996 -349 -424 921 -726 -588 -618 -97 257 -193 -340 178 -578 -129 -919 -649 -809 74 -660 -267 -467 -946 630 524 
-439 77 525 925 -706 463 -797 -714 1 -207 955 659 57 -539 874 -527 -106 602 617 339 417 494 -100 -499 -561 110 -347 -59 -860 635 37 604 437 55 -397 -428 -527 -696 -791 -13 625 -915 -618 622 141 -855 531 859 602 679 -297 504 -137 -511 -597 -401 637 -134 996 -763 66 301 103 482 -921 -415 853 922 862 -921 665 -143 114 -671 436 110 -87 -555 -206 24 557 413 686 -379 -419 43 -641 631 920 404 670 754 974 366 823 683 -393 -396 -228 -946 
397 762 -300 109 -606 -607 261 -817 507 -420 -465 382 937 -894 985 883 718 -894 -381 -357 -713 992 835 -716 927 985 295 -346 356 647 -444 23 -726 457 -444 812 548 -918 54 -985 141 138 603 -722 -781 984 -492 726 -901 106 -961 -516 317 925 114 751 -359 805 149 837 -646 -483 -580 -362 -198 -50 89 -763 -482 -332 236 585 -939 263 -668 -923 88 689 864 -128 -349 -978 420 577 291 -194 -585 62 -789 -220 -891 -409 -812 775 129 -936 -761 884 831 -442 
-670 -178 181 -512 248 745 -581 925 -614 -333 -773 239 -110 367 751 308 -525 606 -35 47 -533 548 -18 -945 -651 458 -112 -873 966 411 -44 241 -220 188 768 944 202 -203 -148 -926 -730 220 323 46 545 119 250 982 -946 -51 896 -164 510 -94 -202 596 443 158 -549 -132 -502 800 472 25 250 412 -490 -284 654 -334 -231 -278 268 450 23 -264 314 966 785 -497 725 853 -265 299 -733 36 969 91 -248 -760 -920 276 -319 -865 -948 -17 -221 991 379 170 
-348 429 809 -173 -918 517 714 -75 -392 96 -249 -585 561 -444 784 511 -693 975 -721 -115 520 51 -567 256 -992 540 -710 -420 -860 -775 -654 589 806 -777 705 400 383 979 -340 -793 893 -600 841 534 327 809 -4 349 -771 570 -696 584 -107 -867 -405 -975 1 -178 -107 -241 994 431 14 8 109 -905 -897 890 -297 -117 -43 57 -343 79 -941 14 838 528 559 127 605 -289 361 -363 -620 -358 -587 505 -287 -371 274 -134 -234 -929 -948 371 170 83 310 893 
596 -440 56 914 526 961 919 886 -53 713 48 -622 -776 -366 -901 -504 -532 348 -142 744 95 -904 303 -735 911 544 -40 -108 -266 924 701 814 -759 0 396 777 19 428 -508 -150 -401 -106 -342 -801 -478 623 734 330 462 720 -388 -969 -19 -105 990 -447 745 -416 412 148 -511 142 -85 -889 658 -935 -540 -603 -251 40 -315 -68 461 773 -425 -798 554 -874 -510 91 -207 970 -795 881 -229 886 652 -900 -832 904 -866 -441 300 -966 -226 -336 413 -479 -453 -469 
